0.8722561009999481
0.8880467139997563
0.1301116849999744
0.13153170799978398
0.9834274869999717
0.9549871250001161
0.14096708000033686
0.18489741000030335
0.9858656100004737
0.9219096290007656
0.1890869599992584
0.13433034700028657
1.031784783999683
1.0042441549994692
0.1509984459999032
0.14747662199988554
1.0476629840004534
1.0022339030001604
0.15790569099954155
0.2110956510005053
0.9006308440002613
1.0226631169998655
0.1841496309998547
0.1453883260001021
0.940576649999457
1.0576701410000169
0.14449180199972034
0.13282853600048838
0.9571718540000802
0.945847187000254
0.14748569899984432
0.15094095599943103
