2.0632232209991344
2.035447837999527
3.631979596000747
4.02962948899949
3.288289149000775
3.2530210810000426
3.421512488999724
3.370282945001236
2.2032639810004184
2.1436491630011005
3.5907958329989924
3.7803311600000598
3.3137464319988794
3.680749397000909
4.052080598001339
3.782738222000262
1.386858582000059
1.3747803410005872
1.2609710529995937
1.2637038880002365
0.774642987000334
0.8763640180004586
0.7097254380005324
0.7100036629999522
1.3330224190012814
1.3261514349997015
1.387809288000426
1.2471241279999958
0.7836696059985115
0.7856992140004877
0.7377371109996602
0.7911391920006281
2.109391666999727
2.1321826439998404
4.772703253000145
3.764412247001019
3.3913923849995626
3.5477048169996124
4.18456130100094
3.5430846930012194
2.1371446200009814
2.077342148000753
3.853570227000091
3.747567528000218
3.6000665639985527
3.884788904000743
3.746994553001059
3.8724070560001564
1.3776813899985427
1.4767154969995318
1.3947991660006664
1.2869056560011813
0.7821002239998052
0.7941329829991446
0.8483030079987657
0.7925076859992259
1.3706561719991441
1.447419253998305
1.346211049998601
1.3855808619991876
0.8465534949991707
0.9320350060006604
0.7377937149994978
0.7288275600003544
2.082866266000565
2.120558222000909
3.7040746650000074
3.7948520640002243
3.395388417999129
3.749337849998483
4.037846818000617
3.4488107309989573
2.095309145999636
2.14720464399943
4.548459319999893
3.8372305359989696
3.798907340000369
4.2243911099994875
3.752210021000792
4.027742244001274
1.4116420800000924
1.4242830969997158
1.5458615850002388
1.3566500340002676
0.9999611350012856
0.8742514209989167
0.8316198310003529
0.8528072329991119
1.6925466919983592
1.6957853559997602
1.3780901979989721
1.5771790070011775
0.8974026069990941
0.8564163150003878
0.819456741999602
0.8592988840009639
2.557452909000858
2.189256834999469
3.8489315020015056
3.8287422779994813
3.6365035399994667
3.4790091020004184
3.3900046719991224
3.6004634900000383
2.206651159998728
2.2546514559999196
3.94730970800083
3.88074466100079
3.498970939999708
3.671049676000621
3.386266886998783
3.3795752940004604
1.4090119329994195
1.3704570419995434
1.3758700400012458
1.3727503390000493
0.8253593580011511
0.8135457030002726
0.8680465069992351
0.7918752859986853
1.4443447880003077
1.3162261119996401
1.2954918129998987
1.3194624240004487
0.8134311439989688
0.8413506769993546
0.7950608800001646
0.7952312010002061
2.222218688999419
2.190897374999622
3.80323360300099
3.755196199999773
3.2686306460000196
3.2446603719999985
3.4626484729997173
3.422467284999584
2.1900165309998556
2.1776418709996506
3.7566690129988274
3.7766331060011
3.4260602650010696
3.42015338300007
3.591436585000338
3.6436371030013106
1.3374214169998595
1.3145763199991052
1.2364543630010303
1.263705719000427
0.8526983419997123
0.8300434209995728
0.7973769399995945
0.8344726630002697
1.5726753039998584
1.7833937639989017
1.3399103749998176
1.3236439310003334
0.8223995590014965
0.876367205999486
0.9752793739990011
0.8278797200000554
2.0989449300013803
2.059569465000095
3.745626170999458
3.844575036999231
3.2987875250000798
3.4059138240008906
3.581396145000326
3.527134162999573
2.123294564000389
2.1355752470008156
3.7860462950011424
3.9493665829995734
3.415166764998503
3.4982580119994964
3.397262344999035
3.443406586000492
1.3667711870002677
1.4454829320002318
1.3299110790012492
1.3998073389993806
0.7975908880016505
0.7907409630006441
0.7544500320000225
0.7571761910003261
1.3219642909989489
1.329846806000205
1.3081714700001612
1.2911041260013008
0.8282004480006435
0.9414001259992801
0.7357331209987024
0.7418728770007874
2.079237813000873
2.1545719349996943
3.650564003999534
3.8425393540001096
3.3014011649993336
3.221944843999154
3.3212896339991858
3.290643540000019
2.0725499210002454
2.0657201309986704
3.6863149229993724
3.583994303000509
3.256028891999449
3.238446561999808
3.3254498149999563
3.3299029800000426
1.3440484809998452
1.328854612998839
1.425992413000131
1.4309343120003177
0.87049669299995
0.8169830759998149
0.7491486250000889
0.7413050670002121
1.4423896270000114
1.3475111630013998
1.4219820380003512
1.4277721460002795
0.8170030460005364
0.809715346998928
0.7480542110006354
0.861571127001298
2.08467569899949
2.32560520700099
3.772293186000752
3.7489338220002537
3.4019803999999567
3.4718843790014944
3.362097350998738
3.4457889199984493
2.0948463719996653
2.1700752599990665
3.831369278001148
3.759959441000319
3.358143592999113
3.3822103479997168
3.3239073240001744
3.358455954999954
1.3763354370003071
1.33204945199941
1.2825256930009346
1.3089625249995152
0.8813663549990451
0.9072495010004786
0.7809876239989535
0.8995286499994108
1.3127830240009644
1.307989852000901
1.288901910000277
1.3699830210007349
0.8012275940000109
0.7954918819996237
0.8395498669997323
0.7714653630009707
