1.003258755574576
1.0324864894350227
1.0374206292953607
1.32686327937288
1.036751108428266
1.0116491157779828
1.000751153578022
1.0729856309221368
1.0151471545919464
1.0034637712137664
1.0161149531519065
1.0147564107384544
0.9994858366016486
1.0066592880645515
0.9992585895848204
1.0113350054826975
1.0055630473730832
1.007187173794194
1.2850260262061912
1.1321653732078856
1.2567281555217256
1.1301478123661
1.0875773329701839
1.0467143975322506
1.0782701581812475
1.030436572364705
1.0153292284976616
1.0275881969494876
1.008237130289444
1.0071444434307182
1.0499796462049469
1.0279414395425297
1.009511936164977
0.14542345625180533
1.0073894323715393
1.0593527265570684
1.0399423965337589
1.0119071735219143
0.14359389559326274
1.0016386147657848
1.0534651475920387
1.0499039799032732
0.1443278474113538
1.0146874560614356
1.0627226258363673
1.0289447805362297
1.0251436297970942
1.016107914616764
1.0376856813414588
1.0219458374617056
0.14629055261556384
1.052197318443292
1.0538436434336342
1.0348957865791264
1.0233668341302042
1.050250309335716
1.0232720693435728
0.14261202259976472
0.1688238845349605
1.0176341609350088
1.0575806546881736
0.17807545261237076
0.17824304051736412
1.0390501819621958
1.0283504713420923
1.016255512648607
0.14368613502591926
0.1457617702258341
1.0631528578983198
0.14682445103752806
0.14182151204610777
0.14272152442926483
0.14673014673762894
1.030344427841605
0.14330101280195334
0.1459064292850939
1.0494495052033606
