0.9967518294194107
0.9685356759943664
0.963929164083832
0.7536571518300162
0.9645516574523066
0.9884850235162571
0.9992494102301692
0.9319789298022453
0.9850788582488467
0.9965481850833771
0.9841406200135928
0.9854581744127974
1.0005144278983478
0.9933847646929728
1.0007419605124313
0.9887920368411578
0.9944677289130542
0.9928641130653808
0.7781943552943598
0.8832631907533021
0.7957170336371227
0.8848400085882395
0.9194748453142092
0.9553704452309196
0.9274113657070244
0.9704624494306743
0.9849022089905325
0.9731524777810934
0.9918301657001273
0.9929062375537897
0.952399414230939
0.9728180629093379
0.9905776882627939
6.876469764743235
0.992664770808501
0.9439726494592914
0.9615917221310611
0.9882329389162529
6.9640843426419226
0.9983640658999874
0.9492482995624043
0.9524680534043972
6.928669816226562
0.9855251427681527
0.9409793070068454
0.9718694520019381
0.9754730663428394
0.9841474371126818
0.9636829513800933
0.9785254397471647
6.835711412123069
0.9503920818573107
0.9489073699223531
0.9662808690192127
0.9771667076253604
0.9521539685453657
0.9772572026142551
7.012031536825352
5.923332487903496
0.9826714141368776
0.9455543608585094
5.615597126554942
5.610317222470079
0.9624174244515781
0.9724311194168148
0.9840045023655112
6.95961374296561
6.860509435709124
0.940598515604649
6.810854683491388
7.0511164743109545
7.006651617539418
6.815232058536135
0.9705492386607347
6.978317741424706
6.853707577519081
0.9528805293078124
