6.670975222998095
6.619132275001903
6.520259904998966
6.3388635349983815
6.048147225999855
6.036492651001026
6.025848302997474
5.9809613739998895
5.958733169998595
5.920155382998928
5.919592461999855
5.841155546000664
5.8197846799994295
5.750765148994105
5.747942377998697
5.741693991003558
5.733847006995347
5.7250932729984925
5.721108539997658
5.706954138000583
5.6997221739984525
5.691045999999915
5.689834108001378
5.685836966000352
5.684468955001648
5.683110578000196
5.6810190890028025
5.679259886001091
5.675178532001155
5.65777647899813
5.655531895998138
5.649978639994515
5.6436490480009525
5.632700502999796
5.630815343996801
5.628128304997517
5.627508947000024
5.626114913000492
5.623019209997437
5.621460959002434
5.621348123000644
5.6200772029988
5.617474019003566
5.614865633000591
5.614092329000414
5.605911539998488
5.604946262999874
5.601270004997787
5.601204698999936
5.600739642002736
5.599058708001394
5.5986302370001795
5.597769566000352
5.59689039800287
5.595442269004707
5.592462897999212
5.590784096002608
5.5882276839984115
5.587898377001693
5.587444085002062
5.584781273999397
5.57859412500693
5.57457839899871
5.574417058996914
5.574138102994766
5.570863216998987
5.566271488998609
5.565830466002808
5.564612451998983
5.560923557997739
5.559462812001584
5.559440324999741
5.559104015999765
5.556528376000642
5.55612129799556
5.554588734998106
5.553803412003617
5.550517957002739
5.550327607001236
5.549667500003125
5.54927632700128
5.54786423099722
5.546735044998059
5.545033214002615
5.544510903004266
5.54388984400066
5.543565877000219
5.538398625998525
5.537812277001649
5.537801613001648
5.5367619060016295
5.5357121670022025
5.534193333995063
5.533981267995841
5.533980956999585
5.533690464995743
5.533634987001278
5.532171618004213
5.531473897994147
5.52771712300455
5.527677737001795
5.527670870000293
5.526900504999503
5.525767737002752
5.52486867600237
5.523598507003044
5.522182683002029
5.52138405200094
5.521090852002089
5.519947972003138
5.517595245000848
5.517407788000128
5.515793133999978
5.515770726000483
5.515544614005194
5.51549114700174
5.514489675995719
5.513466635999066
5.513368471998547
5.511455272993771
5.510460778001288
5.509999294001318
5.509775369006093
5.509697225003038
5.508917447004933
5.507880716999352
5.506483488999947
5.505589172003965
5.505000190998544
5.503166477999912
5.503152142002364
5.501831927998865
5.501520483001514
5.500941128004342
5.500784816002124
5.50065875799919
5.499216242002149
5.498556385999109
5.498440609000681
5.498356183001306
5.498317888996098
5.498209367004165
5.497465699001623
5.496708573002252
5.4952508919959655
5.493475609000598
5.493071301993041
5.489276498003164
5.488194372999715
5.487468990999332
5.485005768001429
5.4849102740045055
5.4831993199986755
5.482275458001823
5.482071859005373
5.481691054003022
5.48091064899927
5.480907629003923
5.480842242002836
5.480065363000904
5.479681247998087
5.4786135150061455
5.476741147998837
5.476412504001928
5.4763116920003085
5.475938319999841
5.47550210999907
5.474793133005733
5.473632015004114
5.472528386999329
5.472176808005315
5.472164897000766
5.4704730569937965
5.470306647999678
5.468656428995018
5.4673390300013125
5.46732571299799
5.466196350000246
5.465451796000707
5.465237654003431
5.464799019006023
5.464551116005168
5.464544353999372
5.463805191000574
5.463577362999786
5.462433274002251
5.460681531003502
5.460420691000763
5.460348373002489
5.4603146980007295
5.460003886997583
5.4599423830004525
5.459904806004488
5.458672209999349
5.457987292000325
5.456241419000435
5.455997479999496
5.455461279001611
5.455084357003216
5.453760641001281
5.452944071999809
5.451930073999392
5.451805405005871
5.451644334003504
5.4514214629962225
5.450984219998645
5.450666116994398
5.45031979399937
5.4497439859987935
5.449692751997645
5.447097280004527
5.446154160003061
5.445968249005091
5.445554435005761
5.445500861002074
5.445014610995713
5.443941918001656
5.443289666000055
5.44270742500521
5.442186770000262
5.440159900994331
5.439326964999054
5.439068813997437
5.437852318995283
5.437636711001687
5.43703306200041
5.436357590006082
5.43585039699974
5.434254894000333
5.433659047004767
5.431758598999295
5.4309520060051
5.429961222995189
5.428357935001259
5.426400112999545
5.425834916000895
5.425818242998503
5.424145280994708
5.421913770001993
5.4216303220018744
5.421591245001764
5.421579488000134
5.4213556879985845
5.421285138996609
5.42124274699745
5.421202762998291
5.420911544999399
5.420901402001618
5.420517603997723
5.4199568729964085
5.4190177070049685
5.41899605999788
5.4178590310039
5.417791642001248
5.417628581999452
5.4172627849984565
5.4163214870022784
5.416224373002478
5.416137029998936
5.415563323000242
5.41543405399716
5.415184038000007
5.413872673001606
5.41342141199857
5.4131003720031
5.412793392999447
5.412416920000396
5.412262583995471
5.410745738001424
5.410682262998307
5.410562027998822
5.410547316001612
5.410318684997037
5.408116870999947
5.406601868999132
5.406416931000422
5.4058830620015215
5.405726379998669
5.405700941999385
5.405689626000822
5.404456779000611
5.4041938000009395
5.403655193000304
5.403586948999873
5.403206514005433
5.403204123998876
5.402925922004215
5.402020204004657
5.401705039002991
5.401196606995654
5.400880608998705
5.3999313460008125
5.399482874003297
5.398998012999073
5.398054471996147
5.396997826996085
5.39640682299796
5.396159391995752
5.394933422998292
5.3942463630010025
5.392015388999425
5.391762400002335
5.390699482995842
5.390541712993581
5.390443512995262
5.3899369680002565
5.38982644600037
5.389537515002303
5.388973212997371
5.388767921998806
5.388483365997672
5.388429773003736
5.388194701998145
5.387677858998359
5.387565925997478
5.386655899994366
5.385909983997408
5.385322627000278
5.384932469001797
5.3846566659995005
5.384508121002
5.383973534000688
5.383438290999038
5.383432110000285
5.383421958002145
5.383384020002268
5.383145677998982
5.3823597179980425
5.3823505110012775
5.382321680001041
5.381896343002154
5.381322880999505
5.380195409998123
5.380050095001934
5.37971401699906
5.379558501001156
5.379437431998667
5.379092007999134
5.3790132670037565
5.378801045000728
5.378535445997841
5.378047726000659
5.378041381998628
5.377883646997361
5.377645318003488
5.377555937993748
5.37751419399865
5.377049709997664
5.376977585998247
5.376934878000611
5.3763917590003985
5.376279200005229
5.37624230000074
5.375512181002705
5.373445639001147
5.373242431000108
5.3730779539982905
5.372747654000705
5.372159480000846
5.371261492000485
5.371244036003191
5.370970985000895
5.370587858997169
5.370395507998182
5.370330678000755
5.369876303993806
5.369856586999958
5.369319919998816
5.369123486001627
5.368928713003697
5.367723479997949
5.367722844002856
5.366505851
5.3662669400000595
5.366070579002553
5.365631496999413
5.365001731996017
5.364905083995836
5.364838122000947
5.364749401000154
5.3642046979948645
5.362027577000845
5.362000639994221
5.361076262001006
5.36101633200451
5.360545301999082
5.360328385002504
5.360310203999688
5.359587259998079
5.3595065960034844
5.359468390000984
5.359448365998105
5.35936640699947
5.359342764000758
5.3590194219978
5.358589846000541
5.358572602002823
5.357353226994746
5.357279518000723
5.356936643001973
5.356645359999675
5.355614592001075
5.355232480003906
5.354855739999039
5.35471048400359
5.354640407000261
5.354254141995625
5.354155928995169
5.353534763002244
5.3530392780012335
5.3527365579939215
5.352597591998347
5.352420739996887
5.352379310999822
5.3523089430018445
5.352165984993917
5.35175683000125
5.351279083999543
5.351085412003158
5.350772461999441
5.350536418998672
5.349822958000004
5.3497883249983715
5.349660412997764
5.349207892002596
5.348300107001705
5.348016755000572
5.347701256003347
5.347656288002327
5.3476284880016465
5.347615355000016
5.347463172001881
5.347400144004496
5.347248712998407
5.346520849001536
5.345574015002057
5.3452513290030765
5.3451686299995345
5.345087314999546
5.3448304569974425
5.34481625600165
5.344597422001243
5.344495630000893
5.343939286998648
5.3438121209983365
5.343809586003772
5.343737078001141
5.34347586799413
5.343412571004592
5.3433011429951875
5.343059728998924
5.342750873998739
5.342735579004511
5.342487878006068
5.342343058997358
5.342101681999338
5.3418743510010245
5.341072600000189
5.340265787002863
5.339975121001771
5.339758358997642
5.339377832002356
5.339364700004808
5.339280141000927
5.339241721005237
5.3392318740006885
5.339154618999601
5.339057169003354
5.338999776999117
5.338836814000388
5.338827220002713
5.337556978003704
5.337303544998576
5.337281525997241
5.337177199002326
5.337148042002809
5.3371188119999715
5.337061435995565
5.3368551439998555
5.3365237600010005
5.336470838999958
5.336318273002689
5.33583903300314
5.335480508001638
5.335137467001914
5.335111301996221
5.334905946998333
5.334766034000495
5.334334617000422
5.332546329998877
5.332225797996216
5.332155509000586
5.331957609996607
5.331600192999758
5.331541629999265
5.331424529002106
5.331341901000997
5.331098206999741
5.330589048000547
5.330559437999909
5.330460465000215
5.330394302996865
5.330105036002351
5.3298050349985715
5.329471714998363
5.329122017996269
5.3291076269997575
5.328777674003504
5.328772251999908
5.328457963998517
5.328313033998711
5.327698142995359
5.327679125999566
5.3276678700021876
5.327589808002813
5.327154798000265
5.327007826999761
5.326742562996515
5.326178447001439
5.325781031999213
5.325687077998737
5.325633405998815
5.3253754830002435
5.324544531998981
5.324337158999697
5.323942145994806
5.322538209999038
5.322488580000936
5.3223137380045955
5.322121637997043
5.32166578000033
5.320905693999521
5.320842392997292
5.320185636999668
5.320152164000319
5.320066667998617
5.319953366000846
5.319878783000604
5.319541842000035
5.319144451001193
5.318987800998002
5.317651958001079
5.317440396996972
5.316695681998681
5.316255590001674
5.316099903000577
5.315103064996947
5.314963396995154
5.314900282999588
5.314719435002189
5.314502907000133
5.314077129994985
5.312771930999588
5.3126317850001215
5.312528497997846
5.312304271999892
5.312085791003483
5.31189867300418
5.311895644001197
5.311649716000829
5.3114436350006144
5.311041447996104
5.310843166000268
5.309251036000205
5.308785984998394
5.308529027999612
5.308516206001514
5.308090824000828
5.307956980999734
5.307837469001242
5.307716817995242
5.307581577999372
5.307402666003327
5.307192781001504
5.306742925000435
5.30668195600083
5.306530059999204
5.305977419993724
5.305495569999039
5.304964110000583
5.30483039200044
5.304551679000724
5.303905451000901
5.303525732000708
5.303415876005602
5.303371763999166
5.302977377003117
5.302791833993979
5.302147895003145
5.301430527000775
5.301026585002546
5.30009116599831
5.2999779710007715
5.299938277996262
5.299820579999505
5.299554266995983
5.299514302998432
5.2992531819982105
5.299241609995079
5.298670717995265
5.298323831004382
5.298258621998684
5.298151951999898
5.2979528560026665
5.297868654997728
5.297712745003082
5.297477026000706
5.2968184479977936
5.296786912003881
5.296612200996606
5.2964742639996985
5.296058669002377
5.295194464997621
5.295100511000783
5.29500640599872
5.294626260001678
5.294470881999587
5.294325536000542
5.293578833996435
5.293220152998401
5.292902493998554
5.292816099004995
5.292561729998852
5.292492732995015
5.2914919720024045
5.2909351180023805
5.29078310100158
5.290588545998617
5.290420678000373
5.289985930001421
5.289892777997011
5.2897706820003805
5.2897223659965675
5.289470345000154
5.289231593000295
5.288998538002488
5.2889215190007235
5.288084463005362
5.288055468998209
5.28792388200236
5.28792218700255
5.287784636995639
5.287576477996481
5.28757396400033
5.287364596995758
5.287110674998985
5.287000673997682
5.285932970000431
5.284955531002197
5.284898275996966
5.2842318680013705
5.2841511919978075
5.2840925569980755
5.283809836000728
5.283763907995308
5.283663716996671
5.283387016999768
5.2832009849953465
5.283120944004622
5.283113156998297
5.28298269300285
5.282389678002801
5.2820911219969275
5.282059368000773
5.281466211999941
5.2810135930049
5.280817045997537
5.280677522001497
5.280149168000207
5.279889778001234
5.279859423993912
5.279778730000544
5.27969345299789
5.279399270002614
5.278998151996348
5.278597573997104
5.278364058001898
5.277725403997465
5.277412682000431
5.276984530999471
5.276753762998851
5.276729468998383
5.276661586001865
5.275979185000324
5.275977817997045
5.275786380996578
5.275642962002166
5.274252117997094
5.274111026003084
5.273396598000545
5.27298557699396
5.2721125700009
5.2713872610002
5.270762810003362
5.270434924001165
5.269785894000961
5.269551963996491
5.269299029001559
5.269133563997457
5.26836120900407
5.2681759930019325
5.2677838140007225
5.266736978999688
5.266583291002462
5.265896593002253
5.2658050560057745
5.265756408996822
5.265559882998787
5.2641411689983215
5.26405142400472
5.263959390998934
5.263787149000564
5.263602329003334
5.26346619999822
5.263221573004557
5.263003309999476
5.26289525199536
5.262683132998063
5.26197613900149
5.261466047006252
5.261235335998208
5.261185622999619
5.260888766999415
5.260878170993237
5.260736008000094
5.260622529000102
5.260600043999148
5.260548245001701
5.259730316000059
5.259652157998062
5.259589620996849
5.2595559770052205
5.259241177998774
5.259197260005749
5.259115615997871
5.259048960004293
5.258591768993938
5.258182113000657
5.25781612299761
5.257674006999878
5.2569898369984
5.256937567995919
5.2567285370023455
5.256604113994399
5.256363444001181
5.256201736003277
5.256143562000943
5.256058592000045
5.255797079997137
5.255581039993558
5.255380176000472
5.255218300997512
5.254949801998009
5.254899103001662
5.2545235960024
5.254522056999122
5.254363572996226
5.253993847996753
5.253830954003206
5.253619448998506
5.253397782998945
5.253354048996698
5.252679094002815
5.252244150997285
5.252052635998552
5.252044139000645
5.251098880999052
5.250853700999869
5.249989252995874
5.249658109998563
5.248989517000155
5.248920903999533
5.248708867999085
5.248612420997233
5.248349600002257
5.248187195000355
5.248089627995796
5.248085210998397
5.2479358759992465
5.24782221499845
5.247636094998597
5.247410734998994
5.24722227500024
5.246896099997684
5.246707607999269
5.246053079998092
5.2458599239980686
5.245814915997471
5.245643694001046
5.244496047998837
5.244405190001999
5.244390977000876
5.2441481620007835
5.244095323996589
5.243856951001362
5.243504652000411
5.243111443996895
5.243093445998966
5.243071114000486
5.243059516000358
5.242658918003144
5.242573266004911
5.2425143260006735
5.242437034998147
5.242375957997865
5.242199690001144
5.242116161003651
5.241981233000843
5.241774355003145
5.241690112001379
5.241634982998221
5.241509696999856
5.241509020001104
5.241058336003334
5.241056083003059
5.240667871003097
5.240567832999659
5.240307998999924
5.23994153500098
5.23968633300683
5.239662356001645
5.23947630299881
5.239362923999579
5.239193092002097
5.239013108999643
5.238873196001805
5.238811335999344
5.238645714001905
5.238521441999183
5.23851342999842
5.238390933998744
5.2382014710019575
5.238010757999291
5.237936166002328
5.237491306004813
5.23734648199752
5.237219100003131
5.237214338998456
5.23710000400024
5.236705616000108
5.236520206002751
5.236400384001172
5.23619800799861
5.235157317998528
5.23514300700117
5.234774484000809
5.23404406899499
5.23399187400355
5.233694660000765
5.233187028003158
5.2329951120045735
5.232018209000671
5.231856351994793
5.231331155002408
5.231297603997518
5.23103641999478
5.231019341001229
5.230638326000189
5.230483669998648
5.230309219998162
5.230178648002038
5.229675749003945
5.229484560000856
5.229402780001692
5.229177852001158
5.22876053499931
5.228625192001346
5.228592857998592
5.228515653994691
5.228409573006502
5.228362346002541
5.228202854996198
5.228125699999509
5.228086889001133
5.228056530999311
5.227758962006192
5.2277449180000986
5.227743145995191
5.227734202002466
5.2275280590001785
5.227310906004277
5.22594962400035
5.225429761001578
5.2254272069985745
5.2253571699984604
5.225326931999007
5.225080227995932
5.225028090000706
5.224985200999072
5.224923731999297
5.224906591000035
5.224822031999793
5.224770476997946
5.224761984998622
5.224685841996688
5.224185382001451
5.224086656002328
5.2235997049938305
5.223594057002629
5.22358941100174
5.223219844003324
5.223091032999946
5.2230692519951845
5.222606573999656
5.222568885998044
5.222499491996132
5.222482461998879
5.222299970999302
5.222211831001914
5.222075673998916
5.221834062998823
5.2218298640000285
5.2216545209994365
5.221543305997329
5.221363707998535
5.220873833000951
5.22086924299947
5.220817374996841
5.220643135999126
5.220586015999288
5.220520102997398
5.220257126002252
5.220131715002935
5.2199246139934985
5.219853806000174
5.2194063709976035
5.21932092499992
5.219281583002157
5.2192513729969505
5.21919004099982
5.218914991000929
5.218885353999212
5.218598961997486
5.218520549002278
5.218408946002455
5.218303384997853
5.218154318001325
5.218131853998784
5.218039225001121
5.217954189000011
5.2179301569995005
5.217724369002099
5.217714030994102
5.217539702000067
5.217485371998919
5.217349229998945
5.217251232999843
5.217078268004116
5.216906517001917
5.216899007002212
5.21668072600005
5.216605572997651
5.216309848998208
5.216226861000905
5.2158635040032095
5.215843509999104
5.2157256310019875
5.2154921109977295
5.215486075001536
5.2152970699971775
5.215172817999701
5.214946038999187
5.214820653000061
5.214310195999133
5.2142603489992325
5.214027142999839
5.213380047003739
5.213228963999427
5.213001477000944
5.2128273980015365
5.212682379002217
5.211518580996199
5.210738209003466
5.209139286998834
5.2088034139997035
5.20657575000223
5.20656629500445
5.206534452998312
5.205364966001071
5.20527107000089
5.204912740999134
5.204397691995837
5.204046209000808
5.203892080000514
5.20366111099429
5.203603677000501
5.203100036000251
5.202687320001132
5.202571890997206
5.202300201002799
5.201973253002507
5.201471378000861
5.201247774002695
5.200931545005005
5.200421361994813
5.199647868001193
5.19958534000034
5.1995340770008625
5.1993993330033845
5.199005990005389
5.197999349999009
5.197737998001685
5.197173366002971
5.197151134001615
5.196473383999546
5.196059398003854
5.1956475649967615
5.195587870999589
5.194700403000752
5.19399404700016
5.193635007999546
5.193611823000538
5.192079555999953
5.191883725005027
5.191879773999972
5.19150358099796
5.1912307380007405
5.19106340199869
5.18973288199777
5.189522260996455
5.189388176993816
5.189196556995739
5.188908989999618
5.1878605149977375
5.187723702998483
5.186324782996962
5.185998747001577
5.185996047999652
5.185935818000871
5.185656282999844
5.185516821002238
5.185017946001608
5.184993424998538
5.184629046001646
5.184127186999831
5.183989956000005
5.183371685001475
5.182745917998545
5.1825875809990976
5.182584903002862
5.182374060001166
5.181339179001952
5.181061956995109
5.180803723000281
5.180771259998437
5.180086784002924
5.17982052699881
5.178983411002264
5.17895506399509
5.178401848002977
5.178155039000558
5.177563181998266
5.177478051002254
5.17617653200432
5.1746904800020275
5.174134349999804
5.173447766996105
5.1729527930001495
5.172857581004791
5.1724818229995435
5.171737040996959
5.171033976002946
5.169171219000418
5.168672328996763
5.168372883999837
5.168149254001037
5.167557674001728
5.167417047996423
5.165745270001935
5.165671036000276
5.165575494997029
5.163743388002331
5.163552460002393
5.160895286000596
5.1605188680005085
5.159786203999829
5.1580830390012125
5.157951528999547
5.157938167998509
5.157379527998273
5.157182571001613
5.1570564760040725
5.156863552001596
5.156307946999732
5.155662502002087
5.155424500997469
5.1549563909939025
5.152721409998776
5.1508366859998205
5.15057495399742
5.150130886002444
5.150033408001036
5.147636048001004
5.147516158998769
5.147445280003012
5.145831518995692
5.145779451006092
5.1455119689999265
5.145430255000974
5.145363226998597
5.145061641997017
5.144272448000265
5.1437673610016645
5.1437583769984485
5.142794273997424
5.142538536998472
5.1418353890003345
5.1405364199999894
5.139613850999012
5.138722961000894
5.138500706998457
5.13809595299972
5.138023828003497
5.137624759998289
5.137600631998794
5.137459384997783
5.137292409999645
5.137220731998241
5.137139233997004
5.137030601999868
5.1369694780005375
5.13639961899753
5.135489947999304
5.1352653709982405
5.1349105359986424
5.134681449999334
5.134659200000897
5.134540818999085
5.134111704999668
5.133986515000288
5.133966353998403
5.133907573996112
5.133684702999744
5.133402327999647
5.133330279997608
5.133176718001778
5.132956419001857
5.132861733000027
5.132797679998475
5.132659144001082
5.13261915700059
5.1325022890014225
5.132115758002328
5.131822979001299
5.131718205997458
5.131124929001089
5.131093192001572
5.1304586219994235
5.130029181000282
5.1299887870009115
5.129886042999715
5.129851183999563
5.129548990997137
5.129279236996808
5.128873318000842
5.128719661002833
5.128453449000517
5.128325555000629
5.1282085009988805
5.128055785997276
5.127944314997876
5.127829487999406
5.127792871000565
5.127790793998429
5.12776207099887
5.127734736001003
5.127674822000699
5.127674774001207
5.127621383999212
5.127577176997875
5.127538059998187
5.127498616999219
5.127497623998352
5.127456586000335
5.127290307998919
5.126885547000711
5.1266278690018225
5.126353190997179
5.126289766998525
5.1260616590006975
5.125822115998744
5.125641688999167
5.1252151940025215
5.125124070997117
5.12478168799862
5.1244061539982795
5.124106527997355
5.123978552001063
5.123916006999934
5.123855484998785
5.1237793840009545
5.123377661002451
5.123265711001295
5.123041163999005
5.122535686998162
5.122473310002533
5.122461793002003
5.122263313998701
5.122240831999079
5.122149233000528
5.121390899003018
5.120816790993558
5.120754692998162
5.120706352998241
5.120677735001664
5.120138799997221
5.119426463999844
5.118742634997034
5.11798449500202
5.1178423700002895
5.117205738999473
5.1167804159995285
5.116561438000645
5.115030982000462
5.114045344998885
5.111968682002043
5.1099981689985725
5.107132851997449
5.103295886998239
5.099776151000697
5.099300085006689
5.095022945002711
5.092963189999864
5.091436316997715
5.089045620003162
5.0870194240014825
5.085492098998657
5.085364849997859
5.0836440789971675
5.083528731000115
5.080879257999186
5.080453905000468
5.078704876999836
5.076386127999285
5.076217251000344
5.074877696002659
5.073659354002302
5.0686398960024235
5.066395207999449
5.063259939997806
5.061363658998744
5.060392702998797
5.0589885039989895
5.058629244995245
5.057081656999799
5.056782568994095
5.0526518799961195
5.052544259997376
5.052144596003927
5.0518221339989395
5.051774079998722
5.051350055000512
5.0475092549968394
5.047443668001506
5.046791897002549
5.041039916002774
5.03881737499978
5.035545008999179
5.034733467000478
5.031105588997889
5.02972089999821
5.027017510998121
5.026999398003682
5.026899404998403
5.026805233999767
5.025370688999828
5.024504563996743
5.023074429998815
5.022540539997863
5.021805379001307
5.019927247994929
5.01956788499956
5.018527375999838
5.0180782720053685
5.01495406000322
5.01258598700224
5.012090938995243
5.011394474000554
5.011342826997861
5.009661984000559
5.009581222999259
5.009280831000069
5.0092781629973615
5.0088590790037415
5.005204908000451
5.002551335004682
5.001336811998044
5.001284296995436
5.0007576669995615
5.00010363599722
4.999800196001161
4.998381878998771
4.994800241998746
4.992867572997056
4.991836294000677
4.989813082996989
4.989151892001246
4.988516403998801
4.988022384000942
4.987407679000171
4.9870383890011
4.9863563449980575
4.985808933000953
4.985392945000058
4.985215747001348
4.984962667003856
4.983506540003873
4.982799433004402
4.980152250995161
4.978159432997927
4.97780726199926
4.977319529996748
4.975400175004324
4.975303416002134
4.9750232480000705
4.9743173549941275
4.9734155330006615
4.97322873200028
4.97038934900047
4.970277109998278
4.969466911999916
4.968982803999097
4.967439651998575
4.966471943997021
4.966226353997627
4.965853555000649
4.964216309999756
4.964065762003884
4.961612738996337
4.961184578998655
4.961084369002492
4.959625213996333
4.9594952929983265
4.958132646002923
4.955764056998305
4.955531892999716
4.952748379000695
4.951637840997137
4.949732823006343
4.947613996002474
4.947594009001477
4.9474308639983064
4.946893820000696
4.945561140000791
4.944369470998936
4.942075372004183
4.940679878000083
4.939218676001474
4.938553056999808
4.938402904997929
4.937634517002152
4.935911384000065
4.934878859996388
4.9348593530012295
4.933101519000047
4.9330019669978356
4.932682603997819
4.932178144001227
4.9313625789945945
4.931305749996682
4.931106905998604
4.930734198002028
4.930467289999797
4.9289174460063805
4.9288113079965115
4.928770018999785
4.928378346994577
4.928059549005411
4.927685793001729
4.927198625999154
4.926835490001395
4.926400074997218
4.92594075800298
4.9257228869973915
4.925122248001571
4.924805621994892
4.92401319900091
4.923308373996406
4.922399671006133
4.9223283199971775
4.922101094001846
4.920679522998398
4.920391419000225
4.918526515000849
4.918345332996978
4.917578742002661
4.917424035003933
4.916999196000688
4.916812504998234
4.915768538994598
4.915263032999064
4.912896625006397
4.91175551500055
4.911196936998749
4.9103759759964305
4.909499426001275
4.909147775004385
4.908689478004817
4.908465211003204
4.908254298999964
4.908208175002073
4.907163080999453
4.905627548003395
4.903921256001922
4.901047182000184
4.900637937003921
4.900480467003945
4.900375017998158
4.899605583996163
4.898962556995684
4.898952212999575
4.898136001000239
4.897509280999657
4.897267615000601
4.896716957002354
4.896518853995076
4.894758310998441
4.894628964997537
4.894395521998376
4.893837335999706
4.89278089099389
4.892196328000864
4.891860706000443
4.890226244002406
4.889935125000193
4.889728551999724
4.889548569000908
4.889116802994977
4.888204827999289
4.887951577999047
4.887750040001265
4.887186140000267
4.885865508000279
4.885817608002981
4.883875564999471
4.883756737999647
4.882886521998444
4.882445533999999
4.8815808949984785
4.881245680000575
4.88047535399528
4.880165491002117
4.879828323999391
4.87829493299796
4.878195863999281
4.87752128899956
4.87612220000301
4.875401927001803
4.8749652480000805
4.874936178999633
4.874698479998187
4.8740597360010725
4.873394220001501
4.87290325199865
4.8727370479973615
4.872269127001346
4.8719851819987525
4.87150818399823
4.87055101399892
4.8704573059985705
4.86945356400247
4.869376145004935
4.8686284290015465
4.86855236300471
4.8685390799983
4.868346602001111
4.868206025999825
4.867173578000802
4.866446864998579
4.866196625000157
4.866139093999664
4.86603616299908
4.865768935000233
4.865541103004944
4.865115460001107
4.863337802999013
4.863171744997089
4.862758988998394
4.862737268998899
4.862561699999787
4.862321448003058
4.861887045000913
4.861883123001462
4.860862785000791
4.8607783960032975
4.859353447001922
4.8590823439953965
4.859041335999791
4.858439065999846
4.858021612999437
4.857727706999867
4.857394935002958
4.857090083001822
4.856126990998746
4.855726979003521
4.855663392998395
4.855557716000476
4.85498626500339
4.854239346997929
4.853176403994439
4.852579528000206
4.852071241999511
4.851569662998372
4.850245359004475
4.850084272999084
4.849431033999281
4.84894614699806
4.848492581000755
4.848344047997671
4.847920972999418
4.847376580997661
4.8464972139991005
4.846271284994145
4.846040656993864
4.845388923997234
4.844983360002516
4.843798307003453
4.842874918002053
4.842638542999339
4.842329806000635
4.840291499000159
4.839084862003801
4.838900810995256
4.838061889000528
4.838033937994624
4.837168681995536
4.8369636880015605
4.836873722000746
4.83538801299801
4.834131874005834
4.831999261998135
4.83197122799902
4.830316794999817
4.829624930003774
4.829572601000109
4.826803764997749
4.826782846997958
4.826318929997797
4.82488782099972
4.824634807999246
4.824474462999206
4.823674478000612
4.823619693997898
4.823596624999482
4.822793183000613
4.822179520997452
4.821079648005252
4.820556340000621
4.8196059280016925
4.8171641609988
4.817081790002703
4.816085769998608
4.815665935002471
4.814991606999683
4.813641635999375
4.812305068000569
4.811941961997945
4.810882868005137
4.8098268159992585
4.809606409995467
4.809156643001188
4.807857408999553
4.807748453000386
4.806353702999331
4.804442213004222
4.804430815995147
4.8039807730019675
4.8037648539975635
4.803487401000893
4.803354250001576
4.803337836001447
4.803036069999507
4.802179109996359
4.802067302000069
4.8019036580008105
4.801861478998035
4.801726329002122
4.801508272998035
4.801455160995829
4.801449472000968
4.8005079189970274
4.7996053410024615
4.799260519001109
4.798541417996603
4.797825403002207
4.797377607999806
4.79711277000024
4.795137710003473
4.794823803000327
4.794767164996301
4.793428560002212
4.793098021000333
4.79307222100033
4.790277528998558
4.789608831997612
4.787083695999172
4.786058640998817
4.785602348998509
4.785417831000814
4.785161204999895
4.7843760030009435
4.7842694830033
4.783058586999687
4.7828114420044585
4.782555965000938
4.78241586600052
4.7821071760045015
4.781985266999982
4.781850942999881
4.78097072699893
4.780896267999196
4.780073380999966
4.780049191998842
4.779589131998364
4.778955661000509
4.778672966000158
4.778265025001019
4.777528284001164
4.77722302100301
4.777173570997547
4.777112714997202
4.776742485002615
4.776588446002279
4.776512896998611
4.776233210999635
4.7749901240022155
4.774960365000879
4.774443620000966
4.774347073998797
4.773602479002875
4.77346183800546
4.772715651997714
4.7723845729997265
4.772288446001767
4.771785529999761
4.771689503999369
4.771099784004036
4.77070499200272
4.770253433001926
4.770198553997034
4.770143402005488
4.769981784000265
4.769299815001432
4.769286321999971
4.769176937996235
4.769022156004212
4.768119930005923
4.768060618000163
4.767782231996534
4.767737240996212
4.766960265002126
4.766707778999262
4.765678525000112
4.765625699001248
4.765363153997896
4.765265090998582
4.765164083997661
4.764535214002535
4.764209813998605
4.764033989999007
4.763801657998556
4.763784190996375
4.762933395999426
4.762782777997927
4.761377196999092
4.761063808000472
4.760689440001443
4.7602340500016
4.760207404000539
4.760205206999672
4.759957055997802
4.759859642996162
4.759855434000201
4.758557787994505
4.758396138997341
4.758305601000757
4.7581718980000005
4.75810443500086
4.7577001259996905
4.75766608900085
4.757334787005675
4.756889566000609
4.756371264000336
4.756123260001914
4.7560584519997064
4.755806022003526
4.755529296002351
4.75490143800198
4.754878534000454
4.753363027000887
4.753253179005696
4.752984060993185
4.752630519993545
4.7525125770043815
4.7523662589992455
4.752245167001092
4.751754925004207
4.751738462000503
4.751708889001748
4.751237241995113
4.750994809000986
4.750912892999622
4.75086857000133
4.7502677899974515
4.7498453660009545
4.749696152997785
4.7494049510023615
4.749277742001141
4.748926335996657
4.748770427999261
4.748487495002337
4.748085622999497
4.74767368600078
4.747369629993045
4.747286862999317
4.747244607002358
4.747142742999131
4.747092759000225
4.7470753920024436
4.7461987960014085
4.745790877997933
4.745269007995375
4.744886514999962
4.743686425001215
4.743587845001457
4.743465901003219
4.742935161000787
4.742792484998063
4.742529096998624
4.742488916999719
4.742167887001415
4.741933047000202
4.7409194790016045
4.740866985001048
4.740861637001217
4.740823291002016
4.740731621001032
4.7402036170024076
4.739949072001764
4.739666430003126
4.739118048000819
4.738737358002254
4.7383926729999075
4.73752427999716
4.736361235001823
4.735539951005194
4.7353673730031005
4.732295079003961
4.7322586010013765
4.731413098001212
4.7313454880059
4.731177484994987
4.730981500004418
4.730229167995276
4.729872052004794
4.729568598999322
4.729047362001438
4.727989330996934
4.727872322000621
4.727783013997396
4.727688439998019
4.727618440003425
4.727585609005473
4.727365077997092
4.727330813999288
4.726970404997701
4.726686212998175
4.726500536002277
4.725993080995977
4.725801707994833
4.725293994000822
4.724982690997422
4.724785061000148
4.723919503001525
4.722827748002601
4.721985927993956
4.721320133001427
4.721093232001294
4.719826098997146
4.7190456239986815
4.718982049002079
4.71884860299906
4.718071055998735
4.717261982004857
4.716442322001967
4.714384273000178
4.713886736997665
4.713418355000613
4.712703138997313
4.712083903999883
4.711413468998217
4.710855994002486
4.709872307998012
4.7096502739950665
4.70956417999696
4.709318911001901
4.707815423003922
4.707727558001352
4.707567972000106
4.707463291997556
4.707379406005202
4.70715881200158
4.706711758997699
4.70610237100118
4.705965221000952
4.705593032002071
4.7053015979981865
4.705197487997793
4.704703586998221
4.703955674995086
4.703418154000246
4.70336703400244
4.703064818997518
4.702934136999829
4.7025018540007295
4.702264127998205
4.7022065769997425
4.701520675000211
4.700916417998087
4.700287963998562
4.699796281998715
4.698905267003283
4.698634249998577
4.698625315999379
4.698537962998671
4.6985225879980135
4.698434903999441
4.697959258999617
4.697709168001893
4.697581082997203
4.697170329003711
4.697098295997421
4.697090513000148
4.696770399001252
4.696274472000368
4.696237734002352
4.696012961998349
4.69591137200041
4.695314369004336
4.6948194860015064
4.694680131997302
4.694337657005235
4.694241523000528
4.693996261004941
4.6930248600001505
4.692852291998861
4.692601514998387
4.692088960000547
4.691927617997862
4.691512835001049
4.691054644994438
4.6906390259973705
4.6905048660009925
4.690286866003589
4.690035160005209
4.689982167998096
4.689279999001883
4.688614595001127
4.68835431199841
4.688300006000645
4.688282668001193
4.688270008999098
4.68819493099727
4.6881460279983
4.687925840000389
4.687704729003599
4.686800576993846
4.686645874993701
4.686467674000596
4.686393356998451
4.686068164002791
4.685941249001189
4.685317102004774
4.685035139998945
4.684790839004563
4.68473076400187
4.684535946002143
4.6844158100029745
4.684289976998116
4.684123382998223
4.683421349996934
4.683362979994854
4.683175598001981
4.682800026999757
4.682754957000725
4.682717976000276
4.682702826998138
4.68265148899809
4.682642176994705
4.682296270002553
4.682109796998702
4.681810196998413
4.681766925001284
4.681745308000245
4.681452163000358
4.6812593119975645
4.681038203998469
4.680672950998996
4.680625666995184
4.680337297999358
4.680299707004451
4.680293550998613
4.680225109997991
4.67916346200218
4.678651529997296
4.678629277001164
4.677901508999639
4.6776670969993575
4.677621083003032
4.6773042819986586
4.677006217003509
4.6768380270004855
4.6763461049995385
4.675911592996272
4.675577003999933
4.675504702998296
4.675128582999605
4.674744127005397
4.674309911002638
4.6739796370020485
4.673954278998281
4.673922627000138
4.673882658000366
4.673668725001335
4.673397418002423
4.6728158140031155
4.672751746998983
4.672484320002695
4.672433038002055
4.672403659002157
4.672185948998958
4.672082900000532
4.671948855997471
4.671811423999316
4.671779878997768
4.671403554999415
4.6711572380008874
4.670695027001784
4.670571681999718
4.670484674999898
4.670381656003883
4.670141037000576
4.670098085000063
4.670016690000921
4.669610148001084
4.669340048996673
4.668668965001416
4.668447814998217
4.668338286999642
4.668094977001601
4.66781930399884
4.667812010993657
4.66770820900274
4.667684714000643
4.667225247998431
4.667013334998046
4.666994223000074
4.666704019997269
4.666535003998433
4.666182232998835
4.66571551800007
4.665346903999307
4.665310582000529
4.6648682939994615
4.66479177599831
4.664660069000092
4.6646236710002995
4.664592963003088
4.664272228001209
4.6641737049940275
4.664007015002426
4.663982475998637
4.663592904005782
4.663280081000266
4.663177991002158
4.663111453002784
4.663110139998025
4.663084619001893
4.66299571700074
4.662948899000185
4.662836601004528
4.662316087997169
4.662249738998071
4.662151823002205
4.661764968997886
4.661672098998679
4.661570680997102
4.661404466998647
4.6613526929941145
4.661338980993605
4.660975443999632
4.660715010002605
4.660693460999028
4.660575424000854
4.660208707999118
4.660132450000674
4.659886639004981
4.659747141999105
4.659301364001294
4.658532029003254
4.65850166400196
4.6582653379955445
4.658258843002841
4.657860923995031
4.656490551999013
4.656413319004059
4.655994369997643
4.655772726000578
4.655388487997698
4.655288785001176
4.655072184003075
4.655000446997292
4.654719318001298
4.654562971001724
4.654196709001553
4.653481502999057
4.6530874659947585
4.652863421000802
4.652133653999044
4.651891980996879
4.651654306995624
4.651606106002873
4.651225970002997
4.650749758002348
4.650599611999496
4.650293449994933
4.650039176995051
4.649736286999541
4.649533886004065
4.649441702000331
4.648866359995736
4.648495850000472
4.648261091002496
4.648142238002038
4.647631119994912
4.647575490002055
4.647517716999573
4.647148857999127
4.6466015160003735
4.646479479997652
4.646355789998779
4.646187088997976
4.646128991000296
4.645417042003828
4.64499276800052
4.644718442999874
4.644643170002382
4.6443958439995185
4.6443160960043315
4.644154163994244
4.643957940999826
4.6438161469995975
4.64323595300084
4.643177518999437
4.642283604000113
4.641584231001616
4.6414361460047076
4.641194042000279
4.641188087000046
4.640892921001068
4.6407300290011335
4.64026427600038
4.640119743999094
4.640072169000632
4.639835586996924
4.638147892997949
4.637784906997695
4.6371546070004115
4.636515686004714
4.636275746001047
4.636177753000084
4.635630737000611
4.6338002089978545
4.63373823499569
4.633460631004709
4.633006980999198
4.6323742480017245
4.631735690003552
4.6315703239961294
4.630992828999297
4.6306559489967185
4.630511224997463
4.6301736519999395
4.629285907998565
4.629220048998832
4.628089930003625
4.627438162002363
4.626761567997164
4.626735033001751
4.626612200001546
4.6256174340014695
4.625186131997907
4.625103358997876
4.625039100999857
4.62420625699815
4.623095754002861
4.622381441000471
4.621887081004388
4.621765572002914
4.62131661300009
4.621292264000658
4.62113041900011
4.620796970004449
4.619835702003911
4.619508095998754
4.618011431000923
4.617784590998781
4.617349116000696
4.617005092000909
4.6169587160038645
4.615825954999309
4.615538622998429
4.615324840997346
4.614177159004612
4.614117974000692
4.6140805069953785
4.6137639219996345
4.613171132004936
4.612864193994028
4.612294819999079
4.6116553749998275
4.611057899004663
4.610661435996008
4.610171701999207
4.609861299999466
4.609235474003071
4.609130049997475
4.608677341006114
4.6085594139985915
4.607909473998006
4.606296281999676
4.605722127002082
4.605598616995849
4.605524787999457
4.603394244997617
4.602778902000864
4.602001588005805
4.6019669829984196
4.6019623989996035
4.601436133998504
4.600912016998336
4.600625859995489
4.600564151005528
4.600148570003512
4.599431561997335
4.5991162920036
4.598678127000312
4.5975459729961585
4.596546591994411
4.595908471997973
4.594312451998121
4.5938443380000535
4.59345655099969
4.593374177005899
4.593057078000129
4.592691127996659
4.591749954997795
4.591632137999113
4.588772379000147
4.588573709999764
4.58758752799622
4.586683361994801
4.586585663004371
4.585935119001078
4.585797400999581
4.585642503996496
4.585576596000465
4.583686726000451
4.583662577999348
4.583007175999228
4.581753546997788
4.581554768003116
4.5785980240034405
4.574040813000465
4.57260537899856
4.5724066460024915
4.571641233000264
4.571501188998809
4.571410665994335
4.571043698000722
4.5693141629963065
4.56907390500055
4.566664959998889
4.565318891000061
4.564185817998805
4.563900665998517
4.56342629700157
4.563377685000887
4.56185020400153
4.561791774001904
4.5605158990001655
4.559823365998454
4.559742424004071
4.5591207050019875
4.5591150729997025
4.558979392997571
4.558859698998276
4.5584947440002
4.558432417001313
4.558120030000282
4.557998732001579
4.557720673001313
4.557612758002506
4.557505030003085
4.557208755999454
4.557045982997806
4.55700603400328
4.556849811997381
4.556843491998734
4.55674405299942
4.556671149002796
4.556392897000478
4.556248463002703
4.556166791000578
4.555961627000215
4.555427823001082
4.554991049000819
4.55491051300487
4.554572568998992
4.554525125000509
4.554483300002175
4.5542944129992975
4.554293811997923
4.5542716900017695
4.553462034000404
4.553219853998598
4.553123446999962
4.552762626997719
4.552702487002534
4.55225631400026
4.5520176109967
4.551969251999253
4.551571822998085
4.551474521998898
4.551396900998952
4.551240423999843
4.550744407999446
4.550561346004542
4.550518552001449
4.550018310001178
4.549942444002227
4.549803496003733
4.549729262002074
4.549417786001868
4.5493960619969585
4.549192127000424
4.5489339390005625
4.548637576001056
4.548407164998935
4.548389980001957
4.547885039999528
4.546723498999199
4.546650651001983
4.546082012002444
4.5460706550002214
4.54583854899829
4.545741127003566
4.545519721003075
4.545460464003554
4.545221665997815
4.544765930000722
4.544275070002186
4.543743248003011
4.543673577998561
4.543618896001135
4.543479429001309
4.543181856002775
4.542910577001749
4.542605830996763
4.5422831760006375
4.542200768002658
4.541150060998916
4.541069054001127
4.540691127003811
4.540182593998907
4.539946023000084
4.539812691000407
4.539572096000484
4.539307926999754
4.539000415999908
4.5383409909991315
4.538301868997223
4.53799463699761
4.537819988996489
4.537553711001237
4.535562518998631
4.534642006998183
4.534540272998129
4.534423417004291
4.533151888997963
4.533087770993006
4.530614531002357
4.530612389993621
4.530108950995782
4.529497460003768
4.529465471001458
4.529199874999904
4.526141409001866
4.525992617000156
4.525771143999009
4.52427323700249
4.522475468002085
4.521890898999118
4.521884746001888
4.521837731997948
4.521794120999402
4.521455189002154
4.520162410000921
4.51959379100299
4.518783296996844
4.517849338000815
4.516362298003514
4.515878882004472
4.51515855499747
4.514453853000305
4.513898650999181
4.513354201997572
4.512750173998938
4.512748962999467
4.512631421996048
4.512475668998377
4.512197517000459
4.512194867995277
4.512092998000298
4.511380873002054
4.510899493998295
4.510589145000267
4.5101430419999815
4.510048910000478
4.509855349002464
4.5097736889983935
4.509579855999618
4.509269146998122
4.509001337995869
4.508879388002242
4.508837492998282
4.508553612999094
4.508501388998411
4.508372551998036
4.5082228779938305
4.507765386002575
4.507688165998843
4.507156219002354
4.506211394000275
4.506100589998823
4.506045513000572
4.505478650993609
4.504849869997997
4.504145605998929
4.503726304003067
4.503674879000755
4.5033588410005905
4.50316440500319
4.502662156999577
4.501995522998186
4.501547117000882
4.501457902006223
4.5009394099979545
4.500799753997853
4.50077588899876
4.500089019998995
4.500045585002226
4.499771042999782
4.499687103001634
4.499462831998244
4.497963613001048
4.497187931003282
4.497031038001296
4.496756467000523
4.495843795000837
4.495255317000556
4.495062449001125
4.49498299699917
4.49483191300169
4.4936224359989865
4.4935653310021735
4.49253049500112
4.4907462560004205
4.485948152003402
4.484835753995867
4.484781955998187
4.482466977999138
4.468758793998859
4.3493507059974945
4.335480835005001
4.307436757000687
4.2981638929995825
4.279433846000757
4.2649655240020365
4.2515949360022205
4.238587056999677
4.238546665001195
4.2339488260040525
4.211302386996977
4.206758976004494
4.19697408000502
4.187352301996725
4.1861847399995895
4.185257860001002
4.183004930000607
4.169789175997721
4.162046707002446
4.150283643000876
4.147871558001498
4.146629299000779
4.146523406001506
4.1408597769986955
4.126049848004186
4.121613511997566
4.120194617000379
4.117810910000117
4.117036827999982
4.113607699000568
4.111612594002509
4.105613443003676
4.094040259999019
4.092402692003816
4.091681767000409
4.0889267819984525
4.087666735998937
4.085900178004522
4.085898600998917
4.085249471001589
4.079717711996636
4.07653837500402
4.074122354999417
4.074098757999309
4.072506919001171
4.071327334997477
4.071208815003047
4.070767084998806
4.0705682530024205
4.06871257199964
4.063943400004064
4.0628433379970375
4.06039693600178
4.059260201000143
4.059005431001424
4.0583067890038365
4.057192328997189
4.051868832000764
4.051642901999003
4.051350815003389
4.049052261005272
4.048268398997607
4.047789494004974
4.046599619003246
4.046563698997488
4.045679169998039
4.044605262999539
4.044426368003769
4.04231778599933
4.040317418999621
4.040112726004736
4.038856618004502
4.037552207999397
4.036721676005982
4.035329072001332
4.034396663002553
4.033778429999074
4.032931027002633
4.030981678995886
4.028359934993205
4.027880970999831
4.026787980001245
4.025577551001334
4.024584247003077
4.02439312000206
4.022789287002524
4.018110211000021
4.0156936469938955
4.015566599999147
4.015498774999287
4.01434291699843
4.012865372998931
4.012459644000046
4.0122962560053566
4.004500533999817
4.002923822001321
4.000996009999653
4.000834382000903
3.9999364350005635
3.9991383449996647
3.998048175002623
3.996240079999552
3.996237651001138
3.995977092999965
3.994520817002922
3.993941201006237
3.9913196919987968
3.991277708002599
3.990386710000166
3.9890040350001073
3.988571609996143
3.988220037001156
3.9874374469945906
3.983641686001647
3.983569092997641
3.9833586439999635
3.983312101998308
3.983278931998939
3.9832663259949186
3.9827736350016494
3.9822202479990665
3.98177435999969
3.9796355640064576
3.978916493997531
3.9778098500028136
3.977640324003005
3.9771601829997962
3.9766452640033094
3.9760551460058196
3.9758275339991087
3.9749417069979245
3.9730586829973618
3.971619793002901
3.97132571900147
3.9712688459985657
3.969851216999814
3.9698118699961924
3.966210164995573
3.9661038129997905
3.965741476000403
3.9651153220038395
3.9641136990030645
3.9630573989998084
3.96299731900217
3.962174624997715
3.9621719069982646
3.9610899869985587
3.960754049003299
3.9606339110032422
3.9601429360045586
3.9594759960018564
3.9592911939980695
3.959214911003073
3.9584709529990505
3.95569890900515
3.955495793998125
3.952657268000621
3.9525649340030213
3.9524613530011266
3.9519741519980016
3.951697734002664
3.9508444579987554
3.9502222260016424
3.9493126310007938
3.9492917400057195
3.948764422999375
3.9478831099986564
3.94728855399444
3.947067943998263
3.946824505001132
3.946017002002918
3.945150300998648
3.9447617439982423
3.944051427002705
3.940725297001336
3.9399596529983683
3.9390214150007523
3.938718829995196
3.9385561169983703
3.938552958999935
3.938489321000816
3.9383676380020916
3.937275085001602
3.9366840410002624
3.936477522001951
3.9360800289941835
3.9356346299973666
3.9354696519949357
3.9343340060004266
3.9343026380010997
3.9339017770034843
3.9328529560007155
3.9328006989962887
3.9326578680047533
3.9323583479999797
3.9321691160002956
3.9317304940050235
3.9301846060043317
3.9274672789979377
3.926789179997286
3.9267714240049827
3.925499425000453
3.925446188004571
3.9229649900007644
3.922205479000695
3.9219106750024366
3.920178202999523
3.9199714199930895
3.9197419389965944
3.919423375999031
3.9190977869948256
3.9187060830008704
3.9168625579986838
3.9117992829997092
3.911540777000482
3.911207512999681
3.9097036229941295
3.9092625890007184
3.90923758399731
3.90805123699829
3.907857554997463
3.9063045239963685
3.906069935001142
3.9055743270000676
3.904719368001679
3.904023977000179
3.903753330996551
3.9037000340031227
3.903120351002144
3.90264725999441
3.9007817759993486
3.8989235920016654
3.897696788997564
3.8976044160008314
3.897015828995791
3.896521542999835
3.896414688002551
3.8958446939977875
3.8949437660012336
3.893735536003078
3.8907417979971797
3.8906384740002977
3.8896977480035275
3.8895948760036845
3.8887945379974553
3.888331077996554
3.8879831960002775
3.887677436003287
3.8859871989989188
3.8857582560012816
3.885301868998795
3.885127894998732
3.8848972269988735
3.88263754700165
3.88143425400267
3.8796121409977786
3.879222363997542
3.878983595997852
3.878921472998627
3.877741855001659
3.87766989699594
3.8775666270012152
3.8767934090028575
3.8760269599988533
3.875242696998612
3.8741269599995576
3.8738845699990634
3.8735014039993985
3.873270425996452
3.8730612639992614
3.8730238979987917
3.8729401279997546
3.8725212309982453
3.8722556499997154
3.872227574000135
3.8721197650011163
3.8719729549993644
3.871062225996866
3.870487038002466
3.8701802270006738
3.8700239220015646
3.870006488999934
3.8698390499994275
3.869730211001297
3.8697001159998763
3.8694580769988534
3.8694313559972215
3.86917442900085
3.8691409719976946
3.8689412729981996
3.8685602549994655
3.868539718001557
3.86850436199893
3.8683914989996993
3.868152495000686
3.8679666169991833
3.8673444429987285
3.86733619000006
3.8669584009985556
3.866457361000357
3.86631446300089
3.8662820930003363
3.866224927995063
3.866152789003536
3.866081910000503
3.866075207999529
3.865451347999624
3.8653234129960765
3.865212889999384
3.865067184000509
3.8649924649944296
3.8649411009973846
3.8649204870016547
3.864693162999174
3.864666401001159
3.8646622669984936
3.864490558000398
3.8643473720003385
3.8643379770001047
3.8640777799992065
3.8639326299999084
3.8638621420031996
3.863226850000501
3.8629725110004074
3.862065559005714
3.861827930002619
3.861516066001059
3.8613511209987337
3.861308077001013
3.8613060310017318
3.860986163999769
3.860946918000991
3.860805579999578
3.8604702620032185
3.8602594069998304
3.8599152200004028
3.8594909730018117
3.859423509999033
3.859088504999818
3.858393700000306
3.857792647999304
3.8576514559972566
3.8570952450027107
3.8566936810020707
3.8562543480002205
3.854947831998288
3.8547470180055825
3.8544536429981235
3.854385908001859
3.853466626002046
3.8533839419978904
3.853057952997915
3.852648390999093
3.8524744270034716
3.8521333890021197
3.851423635001993
3.8512914429957164
3.8512252639993676
3.8507254639989696
3.8505547669992666
3.8497398479994445
3.8494376609996834
3.8491946430003736
3.8491155369993066
3.848887513995578
3.8481162610005413
3.8478925580020586
3.8474318660009885
3.8472971499941195
3.846911701002682
3.846624130001146
3.846614823996788
3.8465073219995247
3.845638737002446
3.845627313003206
3.8456102929994813
3.8454913620007574
3.8452707959986583
3.845054647001234
3.845038015002501
3.844807795001543
3.8446196140030224
3.8443709240018507
3.8441013359988574
3.8436847900011344
3.8435690379992593
3.8432364649997908
3.8430760570008715
3.842843835001986
3.842742957996961
3.842150615004357
3.842117120999319
3.8420984060030605
3.8417312369929277
3.8414079249996576
3.841359567006293
3.8412186060013482
3.839166096004192
3.8386347600026056
3.8383792210006504
3.838057710992871
3.8380527759945835
3.8376603609940503
3.837144007997267
3.8360564920003526
3.8354058699987945
3.8351831030013273
3.834960754000349
3.833909084001789
3.8338074370003596
3.8337441890034825
3.8334033559949603
3.8330337350016634
3.8326482359989313
3.830262364994269
3.8294250429971726
3.8263665410049725
3.8238774269993883
3.8237688090011943
3.8221431049969397
3.8215806589978456
3.821228222001082
3.8212097529976745
3.820666733998223
3.8199624289991334
3.819795401999727
3.8181377509972663
3.8170519750055973
3.816623566999624
3.8153969710001547
3.8149650109990034
3.8140243729976646
3.813262087998737
3.8089187040022807
3.805056343000615
3.8036524720009766
3.8032943719990726
3.801377058000071
3.798842339001567
3.7977570520015433
3.7922778260035557
3.7903074819987523
3.7882068190010614
3.786243154998374
3.7852818419996765
3.784661754994886
3.784208787001262
3.78371675499875
3.783245374004764
3.781851192998147
3.7817914859988377
3.7816915809999045
3.7816352650006593
3.7806954760017106
3.780386943002668
3.780214705002436
3.779347592004342
3.779279910999321
3.7792110750015127
3.7784757539993734
3.778465301998949
3.777666813999531
3.7774982020018797
3.7774260100013635
3.777116181998281
3.7770800949983823
3.776695408996602
3.7766189810063224
3.776523708998866
3.776308265998523
3.7761780350010667
3.7754292339996027
3.7753020410018507
3.775208107999788
3.7747900200010918
3.774025900005654
3.774013690999709
3.7735157780007285
3.773513076994277
3.7733769529986603
3.7733308790011506
3.7728444679996755
3.772762008004065
3.772459373001766
3.7720969490001153
3.771604841000226
3.7711993279990565
3.7710324019972177
3.7706824490014696
3.770319383998867
3.7694986760034226
3.7686249389989825
3.768533591999585
3.7684887499999604
3.767575031997694
3.767335296000965
3.767099633001635
3.7669878209999297
3.7654067909970763
3.763387913997576
3.76297831699776
3.76280688100087
3.7622646019990498
3.7614133000024594
3.7612480759999016
3.7611288740008604
3.7606066480002482
3.7602049429988256
3.759499443000095
3.759257544999855
3.7592367780016502
3.7592116849991726
3.758954975000961
3.758946953999839
3.7582356019993313
3.757965962999151
3.7578677160017833
3.75777040000321
3.7566858529971796
3.756659013000899
3.7565661080006976
3.7564944680016197
3.7564895120012807
3.756065515000955
3.7554225269996095
3.755306938001013
3.754825838001125
3.754781235002156
3.7542438410018804
3.753886420003255
3.7536724509991473
3.7531684479981777
3.7531527589999314
3.7531409289986186
3.75216842500231
3.7521171789994696
3.751697455001704
3.7516850709980645
3.751574134999828
3.751409848999174
3.7511504939975566
3.7502976819996547
3.7499060340014694
3.7498908160014253
3.74977443300304
3.749696081998991
3.749559969000984
3.7493474799994146
3.749003819000791
3.7481620739999926
3.7479681049990177
3.747871583997039
3.747699054001714
3.7472653740005626
3.7472605189977912
3.747098437001114
3.7462401039992983
3.746004624001216
3.7455584009985614
3.745062418998714
3.7441023959981976
3.742698305999511
3.7389169710004353
3.7376410249999026
3.7364562899965676
3.7346111740043852
3.7288001289998647
3.725098651004373
3.722667761001503
3.7176184349955292
3.71395522000239
3.7136468030003016
3.7131082819978474
3.7111091949991533
3.710651952002081
3.7082919419990503
3.703912576995208
3.6977723789968877
3.6961769870031276
3.6944767940003658
3.6928122739991522
3.6914770850016794
3.690029924000555
3.6894102879959974
3.6834971369971754
3.6832603290022234
3.6830596270010574
3.681109238998033
3.6808405539995874
3.6745799070013163
3.6741372590004175
3.673608240998874
3.672133797997958
3.6709757600001467
3.6708827749971533
3.670832944000722
3.669493642002635
3.6676642180027557
3.6666714689999935
3.664644821001275
3.663233979001234
3.6631811629995354
3.6621656589995837
3.6613700079979026
3.661054440999578
3.6588761630046065
3.6588168009984656
3.658127365000837
3.653879261997645
3.6529264229975524
3.651308191998396
3.649876231000235
3.6456969380014925
3.6454766349997954
3.641537851995963
3.636989407998044
3.6366210150008556
3.635877023996727
3.6336293979984475
3.6292950979986927
3.628718239997397
3.628617545000452
3.6271225189993856
3.6235860520027927
3.623576215999492
3.621801632005372
3.621537831000751
3.6207468640059233
3.6191058689983038
3.6182090420006716
3.6163071030023275
3.6156025109958136
3.6118294049992983
3.610571630000777
3.608934345000307
3.608222635000857
3.6067083069974615
3.605657002000953
3.6054455129997223
3.6051329180008906
3.6046382740023546
3.604197493994434
3.602770827998029
3.6014646219991846
3.601058975000342
3.6009071730004507
3.6003072370003792
3.600008502999117
3.599742526996124
3.5996320890008064
3.599623280999367
3.5994405840028776
3.599408461002895
3.5992862589992
3.5986262259975774
3.598327784999128
3.5982520899997326
3.598018361997674
3.598000335998222
3.597883479000302
3.5976917709995178
3.5974937600003614
3.596749289004947
3.5964892969968787
3.596482364999247
3.5958939349984576
3.5955226920013956
3.595083054002316
3.594749113999569
3.5946339439979056
3.594511146999139
3.594489737999538
3.594021672997769
3.594009142001596
3.593425737999496
3.5931394459985313
3.5926414639980067
3.592075502998341
3.590584563997254
3.590570979002223
3.58977588000198
3.589173579999624
3.5887803959994926
3.586607113997161
3.5860337570011325
3.584647167001094
3.5816435439992347
3.5815159250050783
3.5782290499992087
3.5778188120020786
3.5767767430006643
3.574183038996125
3.5737830810030573
3.5720651309966343
3.571003118002409
3.5682097440003417
3.566601507998712
3.5654676990016014
3.5653694810025627
3.5649928519997047
3.5647075529996073
3.564329187000112
3.564172267993854
3.561592018995725
3.561503924000135
3.559924950997811
3.5580427770037204
3.5573985199953313
3.5569206530053634
3.5564327430038247
3.554865318001248
3.5544789819978178
3.553526478004642
3.55243156299548
3.552118193001661
3.5518194000032963
3.5506661260005785
3.550598402005562
3.5501942609989783
3.550056592001056
3.5477352460002294
3.5442586290009785
3.5422055939998245
3.5414380680012982
3.539530755006126
3.5390754909967654
3.5387102480017347
3.5385465979998116
3.537826561001566
3.5375322780018905
3.537229039000522
3.536041004001163
3.5332623119975324
3.5322179149952717
3.5284322619991144
3.527840335002111
3.52580128700356
3.5246130090017687
3.5241846029966837
3.519258256004832
3.518878205999499
3.5162840060002054
3.515392564004287
3.5143652930055396
3.5124366450036177
3.511696055000357
3.510437840996019
3.505824232001032
3.50404356099898
3.5026661719966796
3.5012522979959613
3.495140593000542
3.4944791330053704
3.4929686250034138
3.490465630995459
3.489247906996752
3.4892388219996064
3.4890811469958862
3.486489459995937
3.4864712299968232
3.485516987002484
3.484456923994003
3.4838797800002794
3.4830091500007256
3.4819188399997074
3.4809896819933783
3.4808228020010574
3.4800294779997785
3.4791198069979146
3.4786867549992166
3.4779115749988705
3.4773601250053616
3.4727683210003306
3.4727393420034787
3.4726083730020036
3.472295308001776
3.472206267000729
3.471772281001904
3.470133752998663
3.470013450998522
3.4694581720032147
3.468950524002139
3.46892412899615
3.4687439000008453
3.4685276899981545
3.4685106899996754
3.4675667679985054
3.467359802998544
3.4672451200021897
3.4669513730004837
3.46670890599853
3.4666942179974285
3.4665720279990637
3.466502698000113
3.466230842997902
3.466032765998534
3.4656208039996272
3.4653450190016883
3.4649460519976856
3.4643807189931977
3.464286506998178
3.463789672998246
3.4634280520040193
3.46337720199881
3.4632815169970854
3.463244262002263
3.462976037997578
3.462415076995967
3.4623393660003785
3.4599325739982305
3.459821123000438
3.459817992999888
3.459741380000196
3.4594523350024247
3.459314171999722
3.459175292002328
3.458837884001696
3.458735036001599
3.458631260000402
3.4575151010030822
3.4574936749995686
3.45724917500047
3.457160511999973
3.457125018001534
3.45697659200232
3.4568955920003646
3.4562093029962853
3.4561954679957125
3.455786218000867
3.455530840001302
3.4547891590009385
3.4546403200001805
3.45463887400183
3.4544637950020842
3.4541947899997467
3.45366085999558
3.45352691899825
3.453498344999389
3.453217793998192
3.453133833994798
3.452942734998942
3.452292264002608
3.452013521000481
3.451926955996896
3.451520985996467
3.451125696999952
3.4504919399987557
3.4497708290000446
3.4491595100007544
3.4491064280009596
3.4490307029991527
3.448954284998763
3.4487814319982135
3.4484856689959997
3.4475226900030975
3.447343858999375
3.446342322997225
3.446206674001587
3.445345960997656
3.444941812995239
3.4448533710019547
3.4439876139986154
3.4435549230001925
3.443358022999746
3.443238685002143
3.442319583002245
3.442189605997555
3.4420471759985958
3.4413516289932886
3.4401990699989256
3.4397217000005185
3.439643702993635
3.4395124430011492
3.43949625499954
3.438906590999977
3.437060219999694
3.4367784799978836
3.436730064000585
3.4361709879958653
3.4361172700009774
3.435834186999273
3.4354468580022512
3.435172658999363
3.434884532005526
3.4347741960009444
3.434620984000503
3.4345087859983323
3.4343253070037463
3.434058453000034
3.43390664600156
3.4330225770027027
3.430890980998811
3.42993505600316
3.4293672070052708
3.428011342002719
3.427779397999984
3.427768699999433
3.4277414030002546
3.4274611720029498
3.4265895589996944
3.424397074006265
3.422802175002289
3.418612984001811
3.417938275000779
3.4176233149992186
3.416105760996288
3.4151692439991166
3.4148840400011977
3.4091106410050998
3.4083382149983663
3.4059209920014837
3.4045127979989047
3.398856726998929
3.383806468998955
3.383490336997056
3.3800668969997787
3.376923463001731
3.3758546620010748
3.375773797997681
3.3750708250008756
3.374240519002342
3.3716442479999387
3.3710460430011153
3.368956319998688
3.3684931459974905
3.367476423998596
3.367298265999125
3.3666494019998936
3.366519254002924
3.366239703998872
3.365253499003302
3.3634727289972943
3.363439146000019
3.363204314999166
3.3630020709970267
3.362993965001806
3.362949660000595
3.36234770900046
3.3621977000002516
3.362105882999458
3.362016980001499
3.361887711998861
3.361421043999144
3.3613635700021405
3.36123470199891
3.3611770489987975
3.361106001000735
3.3603838980016008
3.360210046001157
3.359530790003191
3.359002880999469
3.358988040999975
3.3585597849996702
3.357756932000484
3.355633195002156
3.3554713779994927
3.3549542559994734
3.3547330610017525
3.353831229000207
3.3533511079986056
3.353336321997631
3.3528493650010205
3.3524659699978656
3.3522181020016433
3.3520602509997843
3.3511513930025103
3.3508432999988145
3.3503905110010237
3.350269336002384
3.350048983000306
3.3496146610013966
3.3492924829988624
3.3492684880002344
3.3490567799999553
3.348299979999865
3.3476311289996374
3.3474425979984517
3.346301007000875
3.3459863380012393
3.3459161369974026
3.3453146630017727
3.344467324001016
3.3436762240016833
3.3436228200007463
3.3433795100027055
3.3433009590007714
3.3432904740002414
3.3428786099975696
3.342423226000392
3.3422069209991605
3.3415198650000093
3.341483732998313
3.341456335001567
3.341122005997022
3.34105701199951
3.340486217999569
3.340328779002448
3.3402322479996656
3.3393722729997535
3.339053277999483
3.3387647240015212
3.3384738019994984
3.3383677330020873
3.3381695720017888
3.3374947869997413
3.3374470329981705
3.3372688299969013
3.337224557002628
3.3369244409987004
3.3368581159993482
3.3365139410016127
3.33642027300084
3.3364140429985127
3.335157427998638
3.334971742999187
3.3341458380018594
3.3337795219995314
3.3337778770001023
3.3322324689979723
3.331497571998625
3.3275667849993624
3.325188529001025
3.32404695799778
