20.303114547000405
19.89027882099981
19.10959200799971
19.0947746869997
19.042768311000145
18.87909454400051
18.868174105000435
18.867081870999755
18.717663178000294
18.53429259600034
18.475180293999983
18.45618827400085
18.40972506200069
18.391432163999525
18.35155004399985
18.350654202999976
18.303296224000405
18.27416805699977
18.208533296000496
18.20019193600001
18.17573763099972
18.160338614000466
18.133261954999398
18.129144634000113
18.086655995
18.065101915000014
18.060007025000232
18.048626908000188
18.043863803999557
18.021460343999934
18.017038915999365
17.94545779100008
17.942813175000083
17.939816895999684
17.939438970999618
17.893560475999948
17.863927959000648
17.862489121999715
17.857715065000775
17.851182633000462
17.842566376999457
17.839841071000592
17.82963805200052
17.804015622000406
17.73811382399981
17.62644030499996
17.61631813799977
17.574693818000014
17.51664783200067
17.506912533000104
17.462485786000798
17.425425880999683
17.4248288280005
17.415262338000502
17.41092683199986
17.405067400000007
17.353460072000416
17.347785328999635
17.253602216000218
17.221638243000598
17.127445062000334
17.11021385100048
17.0146747230001
16.932393412999772
3.015293559999918
2.748498640999969
2.714258406999761
2.711530532999859
2.7095968040002845
2.683626293999623
2.6790874240004996
2.6770248900002116
2.6691885010004626
2.659794891999809
2.6544011759997375
2.644977521000328
2.6149205390001953
2.6080588189997798
2.60698659100035
2.589483429000211
2.588128688999859
2.5842714929995054
2.5576806409999335
2.52013271099986
2.5193612060002124
2.5038943809995544
2.4977088369996636
2.4917405599999256
2.4692923160000646
2.4623924409997926
2.459087189999991
2.4531756259993927
2.4447636639997654
2.443273345000307
2.436696718999883
2.4307880980004484
2.4253439999993134
2.424888174999978
2.4242875859999913
2.4205991200005883
2.41836689199954
2.4128601270003855
2.412425403999805
2.411159690999739
2.411003048000566
2.4054828809994433
2.3944999760005885
2.3871761709997372
2.3867793640001764
2.3853890820000743
2.3838260050006284
2.379701126999862
2.373886553000375
2.36802072699993
2.365068202000657
2.3638087000008454
2.3634027669995703
2.3594268799997735
2.357703837000372
2.3501092270007575
2.334790115999567
2.331502508000085
2.3261159600006067
2.3206393970003774
2.3195892699995966
2.3142328789999738
2.2906064299995705
2.2088964989998203
