0.2503298351540619
0.26680061238450803
0.2723508757207948
0.2738383892934542
0.2758146648322188
0.276268057107422
0.27685107118793617
0.2781562934026954
0.2807344938199841
0.2808880093523836
0.2809688131725774
0.282344534191906
0.28291163221868565
0.2830676796612643
0.2841949263716497
0.28422776144742473
0.28535584135512926
0.2855452938905324
0.2856892221988123
0.2857481905535672
0.2862531558079127
0.2866765394358716
0.2869930785755499
0.2870435537389626
0.28765661807236664
0.2876789890411972
0.2877510260352118
0.28781145446754014
0.28804797892128986
0.28808353366935907
0.2881248596316874
0.28813548614626855
0.28820461394135805
0.28833427771989706
0.2883657847172954
0.2885462646618989
0.2885747232117086
0.28865672128091363
0.289024375442627
0.28995342870086865
0.2899947776580744
0.29011144731336064
0.2901723696419083
0.29017770810452675
0.29031083666343716
0.2904343589458277
0.29049715706702994
0.29052809865704227
0.29060922842918097
0.29095984234671
0.29163340376259855
0.29167233151451954
0.2917489383720648
0.2917880041672022
0.29180822262874956
0.2918641187018579
0.2920800152617408
0.2923006378611197
0.2924004106649878
0.29249092308900554
0.29266217462559835
0.29272698312558415
0.2929619305958874
0.2931094291585857
1.6269792731614177
1.6532315072355765
1.6623687729002192
1.6739265194592334
1.674613410638774
1.7415832776425229
1.819017282899398
1.8446961218713698
1.9695141349233096
1.9855468392144302
1.991974105260291
1.9944009705705814
1.9984593477198105
2.0018762505099486
2.0047249522785573
2.011001917997136
2.0120092486078622
2.0150419699316378
2.024946916725803
2.0264651156355398
2.029098316878197
2.0375888523223065
2.0378348992140216
2.037929229622132
2.0387791825313704
2.0390698382452452
2.039369448015022
2.054856202827822
2.058959779259113
2.06034600148435
2.0650388273984484
2.0675764366902376
2.0696452429779493
2.0697253419624277
2.0700107227609696
2.0730619075880172
2.0738954714268094
2.073909170335333
2.074954179875079
2.075408761147855
2.076477031129933
2.077212195778086
2.077899811474136
2.0783827814258795
2.078395200565949
2.0787335939204294
2.0789937198038713
2.079027386080523
2.0794109448004034
2.0795524989346283
2.079865776777981
2.079924384930011
2.0802215342743366
2.081625047737121
2.08396958227147
2.084017542342936
2.0846907971188884
2.0879786377557883
2.089118219198981
2.089161877350682
2.0894924606080254
2.091141796211474
2.091626002947899
2.094309807374108
