0.903863904740931
0.7128640568251514
0.9171930806595541
0.9217627023775702
0.8137833704783132
0.9780073271500892
0.9227382117456989
0.998480711676045
1.006927351416863
2.10361719710744
0.9825656804078647
1.012944022451545
1.0104431775634206
2.072143828873249
1.012503492740111
0.9993415941480313
0.8250251042693904
1.9856977163990917
2.078599049194457
1.0205470711803366
0.9356196894291545
1.8635333479444562
1.0116200004697404
2.0814235974445174
2.109889429661882
1.0076588228315606
1.941983470746306
2.107029985535608
1.7881208088691634
1.9313668217913584
1.7775403102018128
1.02238419177283
1.959628049558203
2.1076017399468454
1.7754542749181372
2.0843359249585864
1.6068438408337296
2.032216761238718
2.104885479428153
2.035212721125524
2.107541546766115
1.1288402041298928
1.7823690397320349
2.0509746020673743
2.0494920621239623
2.0939138945723887
1.8150970470372765
2.0724566450681863
1.774191782316778
2.097497232542113
1.7892401211698439
2.1058600500750284
2.0509396912155586
2.103064370317636
2.07680257069217
1.8226671743978258
1.773854913921982
2.0798212997679766
2.1052615451000274
2.092035168149285
2.081704410026396
2.1072845789425974
2.08715652622219
2.080934242646231
2.0983941736181646
2.0902731209803562
2.0918521572150097
1.7711017334779635
2.092477024506434
2.1009515643285095
2.0776402384637183
2.1057807925609624
2.089465506374664
2.104668667529314
2.0436928712993514
2.1014287686246083
2.017369434787972
