4.477770407000207
4.371139923999181
0.5823034710001593
0.5711518440002692
4.510651303000486
4.451319148999573
0.6239775470003224
0.6222457599997142
4.545276789000127
4.51511563800068
0.6353792240006442
0.6131589230008103
4.609745578000002
5.300121507999393
0.7610849140000937
0.6569396240001879
4.52609922099964
4.345234336999965
0.5697593200002302
0.5821117979994597
4.4831950090001556
4.753681963999952
0.6092172809994736
0.6065698149996024
4.6329240089999075
5.04749805099982
0.6695351300004404
0.6218002619998515
4.5852916049998385
4.825346278000325
0.6790611690003061
0.6729230870005267
