5.393203977000667
5.394785759001024
5.396453835999637
5.398308907999308
5.399247675999504
5.399301535999257
5.400861518999591
5.401017412001238
5.401468226000361
5.40173691200107
5.402344666001227
5.402616154000498
5.402626731000055
5.402718500001356
5.4030420029994275
5.403151066000646
5.403815006000514
5.403826258001573
5.403987218998736
5.403996990000451
5.40459196700067
5.404593145000035
5.404935230999399
5.405489944998408
5.4055743380013155
5.405877004999638
5.406862116000411
5.407608494999295
5.407687430000806
5.40836350400059
5.408622463000938
5.4089757870006
5.409030588998576
5.40933907300132
5.409695379999903
5.409798541000782
5.409954335000293
5.410219142999267
5.410327301997313
5.410381232999498
5.410579043000325
5.411523668000882
5.412588725001115
5.412848425999982
5.413192451000214
5.413592581000557
5.41379899399908
5.4139516839968564
5.414128893000452
5.414594628000486
5.414965079999092
5.4160571259999415
5.416187738999724
5.417010097000457
5.417037866998726
5.417105551000077
5.417318333000367
5.417472846000237
5.417951149000146
5.4186104879991035
5.418685860997357
5.4187837400004355
5.418901125998673
5.419159873000353
5.4197809800007235
5.420295367002836
5.421153418999893
5.421918375002861
5.422391506999702
5.422940835998816
5.423165897000217
5.423251576999974
5.423260131999996
5.423658629999409
5.423675018999347
5.423692118999952
5.423734946998593
5.4238409499994304
5.42384340299941
5.4243921950001095
5.424678619000133
5.424698347000231
5.425353598000584
5.425601209999513
5.425640657998883
5.426222774000053
5.426244201997179
5.426281111999742
5.426386914998147
5.426578067999799
5.4269577779996325
5.426965757998914
5.427038399000594
5.427091210000071
5.4273211149993585
5.4274492790000295
5.428171456998825
5.428173132999291
5.428343811001469
5.428356431000793
5.428439175000676
5.428566096001305
5.428693809000833
5.429072910999821
5.4291126930002065
5.429504169000211
5.429719019000913
5.429722004000723
5.429757516998507
5.4301077330001135
5.430146261998743
5.430240577999939
5.430351730001348
5.4305412209996575
5.430574866000825
5.430669735000265
5.430763570000181
5.430847392999567
5.430992787998548
5.431001346001722
5.431237100001454
5.431418425998345
5.431549270000687
5.431618493999849
5.4318459759997495
5.431959363000715
5.4319804570004635
5.43219257400051
5.432202145000701
5.43227819599997
5.4322828559998015
5.432346170999153
5.4324561020002875
5.432517475001077
5.432802372999504
5.43293975800043
5.4331726519994845
5.43318976700175
5.4336578080001345
5.4340478610010905
5.4341011390024505
5.434108100998856
5.434489902000678
5.434827420000147
5.4348888540007465
5.435317838000628
5.435762442999476
5.4357688130003226
5.4358016539990786
5.435910882999451
5.4359207159996
5.4359576599999855
5.436241074999998
5.4363916749971395
5.436394885000482
5.436440808998668
5.436674980002863
5.437172238001949
5.4372098649982945
5.437475078000716
5.437490517999322
5.438039220000064
5.438437356999202
5.4387874839994765
5.439017923999927
5.439435334999871
5.439643670000805
5.439902011999948
5.440171756001291
5.440459691999877
5.440511626000443
5.4405627960004495
5.440585971002292
5.440866067998286
5.441160461999971
5.441367527000693
5.441411458003131
5.441455823000069
5.441552692000187
5.441615318999538
5.441841802999988
5.442013022002357
5.442207944000984
5.442216024999652
5.44233814999825
5.442399076999209
5.442704720999245
5.443100784001217
5.443290779001472
5.44349193600101
5.443572488000427
5.443618279998191
5.443733598000108
5.443738203999601
5.443866221999997
5.4439178500006165
5.444062106000274
5.444641633999709
5.445146919000763
5.445418805000372
5.445727940999859
5.4458343500009505
5.445997599999828
5.446081289999711
5.446083778000684
5.446252679997997
5.446488468998723
5.446507223998196
5.446900011000253
5.4473055390008085
5.447482653000407
5.448577793998993
5.4486575619994255
5.448680044999492
5.44886622300055
5.449151340999379
5.449477281999862
5.449530317999233
5.449607251999623
5.450339724000514
5.450414555001771
5.450542194001173
5.450730560000011
5.450797516998136
5.451333131000865
5.4514952059998905
5.451597748000495
5.451845796000271
5.452089376998629
5.452231504999872
5.452274565999687
5.452320543001406
5.452448526000808
5.452589082000486
5.452669661000982
5.453106117000061
5.453552553999543
5.453672532999917
5.453733337999438
5.454219521998311
5.454429651999817
5.454434422999839
5.454450670000369
5.4547830010001235
5.455429704999915
5.455512989999988
5.455591545000061
5.456171527001061
5.456249831000605
5.456334259999949
5.45634968000013
5.456369202998758
5.4566335740018985
5.456870400998014
5.457040921000953
5.457179576999806
5.457203509002284
5.4573001520002435
5.4573911520001275
5.457641555000009
5.458100308000212
5.45813842699863
5.458271667997906
5.458414130000165
5.458521713000664
5.458545042998594
5.458626502000698
5.4586468750003405
5.458834462999221
5.458905916999356
5.45905451499857
5.459399741001107
5.459577649999119
5.459846335998009
5.45989145799831
5.459985563000373
5.460171664999507
5.4602237489998515
5.4603663199995935
5.46039656999983
5.46052952899845
5.460672738001449
5.460924879000231
5.461029537000286
5.461128573999304
5.461359662000177
5.461404035999294
5.461446448000061
5.461670549000701
5.4616881199999625
5.461993905000099
5.462040405999687
5.462145081000017
5.462236180999753
5.462271795000561
5.46243167799912
5.462507076999827
5.462580679999519
5.4627452379991155
5.462814005997643
5.462930297999264
5.46297104399855
5.463594478002051
5.4636568349997106
5.463682509000137
5.4640899099977105
5.464234040002339
5.464358186000027
5.4647853300011775
5.464838626998244
5.464867631002562
5.46506386100009
5.465081181999267
5.465093918999628
5.465094294000664
5.465176680998411
5.465280361999248
5.465351813999405
5.4653927060026035
5.4654184649989475
5.465532186000928
5.4656772120033565
5.4657822320004925
5.465807499000221
5.465909214000021
5.466169928000454
5.4661924900001395
5.46619557699978
5.466330051000114
5.4665289299991855
5.466609953000443
5.466663989998779
5.466768974998558
5.466781749000802
5.46678741300002
5.4670130829999835
5.467063255000539
5.467065362001449
5.467394961000537
5.467471306999869
5.467506290002348
5.467622685999231
5.467767713000285
5.467841830999532
5.468079676998968
5.468085655000323
5.468118152999523
5.468163518002257
5.46825488399918
5.468264339000598
5.468273294001847
5.468279568998696
5.468281129000388
5.4684868219992495
5.468637373000092
5.468677468999886
5.468700371000523
5.468914892000612
5.468941936000192
5.4690411699994
5.469157933000133
5.469201674000033
5.46922381100012
5.469255067000631
5.469256492000568
5.469285414999831
5.469522051997046
5.469711621000897
5.469748489998892
5.469849983999666
5.469884525999078
5.469952602001285
5.470235782999225
5.470290048997413
5.470312908000778
5.470351543999641
5.47052760799852
5.470554062998417
5.470682303999638
5.47072991999994
5.47077246599838
5.470916727999793
5.470969863999926
5.470974562000265
5.471061551997991
5.471190067997668
5.4712182889998076
5.47132378599963
5.471388179999849
5.47141111900055
5.471542665000015
5.471573208999871
5.471697726999992
5.471788590999495
5.471995986998081
5.472020858000178
5.472027267998783
5.472083655999995
5.472130203001143
5.472182796998823
5.472188762003498
5.472234043001663
5.472250817998429
5.472384414999851
5.472574406001513
5.472582192999653
5.472644231998856
5.4727011659997515
5.4728011039997
5.472849576000044
5.47294846099976
5.472949626000627
5.473025957999198
5.473079441000664
5.473088610999184
5.473118743000214
5.4732138460003625
5.473417686000175
5.473574555000141
5.473604834000071
5.473673951000819
5.4739711780002835
5.473975444998359
5.47403880300044
5.474082067001291
5.474317380001594
5.474405559998559
5.474475861999963
5.474577560999023
5.474763107000399
5.474776521001331
5.474845438999182
5.4749652320024325
5.475066439999864
5.475482236000062
5.475553487999605
5.47574602000077
5.475791463999485
5.475894880997657
5.4759098760005145
5.475951364999673
5.4761219619977055
5.4762661139975535
5.476316869000584
5.476517176000925
5.47682286700001
5.476847000001726
5.4768631030019606
5.476949161999073
5.476973701000134
5.477083836998645
5.477276444999006
5.477457070999662
5.477698579999924
5.477712944000814
5.477925403999961
5.477943560999847
5.478079150998383
5.478499531000125
5.478595182999925
5.478973386998405
5.479125482999734
5.479233497999303
5.479267679002078
5.479355532999762
5.479558314999849
5.479619056000956
5.479907013999764
5.480667034997168
5.4810843959967315
5.481468033000056
5.48164605400234
5.48165218000031
5.481770451000557
5.4822786080003425
5.4824374330000865
5.482509355999355
5.4825327509997805
5.482706974999928
5.4835671060000095
5.484639392000645
5.484772578999582
5.485527278000518
5.485552193000331
5.4856838290006635
5.485801630999958
5.486110133999318
5.486209295999743
5.486288000000059
5.487496165000266
5.487716886998896
5.487719980999827
5.487757774000784
5.4880274679999275
5.488121909000256
5.488329977999456
5.488524827998845
5.48860569999988
5.488657784000679
5.489083962999985
5.489119849999952
5.489492972999869
5.489628055000139
5.4897200989980774
5.489974150999842
5.490023902999383
5.4900688380002975
5.490139440999883
5.490378950000377
5.490861825001048
5.491073809000227
5.4912971849989844
5.491396637000435
5.491422570998111
5.491571438999017
5.491575526999441
5.491834574999302
5.491940748999696
5.492046455000491
5.492080146002991
5.492303587999231
5.492385124998691
5.492531351002981
5.492583995999894
5.4927051790000405
5.492941509000957
5.493298240000513
5.4933318340008555
5.493712837000203
5.49380421800015
5.493864567999481
5.493890763998934
5.494089752999571
5.494291767001414
5.494393516999935
5.4945159080007215
5.49453618300322
5.494615539999359
5.494622607000565
5.49471652200009
5.494974951001495
5.495523129000048
5.496044802999677
5.496260164999967
5.4964117869967595
5.496677662998991
5.496880730999692
5.496911154000372
5.497073087000899
5.497552012999677
5.497766357999808
5.497799525000119
5.497939999999289
5.498176215000058
5.498364369000228
5.498589271999663
5.498618351999994
5.498690179000732
5.498778495000806
5.4988057079999635
5.498831630000495
5.498846621000212
5.498911255000166
5.498976326001866
5.499216383000203
5.499545227999988
5.4995798200002355
5.49980818899985
5.499837579000086
5.499943662998703
5.500118914999803
5.500165264998941
5.500399006999942
5.500668464999762
5.500747048999983
5.500780262000262
5.500815466002678
5.500977429999693
5.501373197002977
5.501376960999551
5.501382658000011
5.501477123998484
5.501768344001903
5.501958205997653
5.502101269999912
5.502144219000002
5.502146415000425
5.502327289999812
5.502415270999336
5.503014466001332
5.503124984000351
5.503134148999379
5.503172653000092
5.503285197999503
5.503326842999741
5.503489299000194
5.503995909999503
5.50415041500014
5.504281256999093
5.504360359000202
5.504430471999967
5.504471518999708
5.504936208000345
5.505028351999954
5.505141207000634
5.505150661000243
5.505209324000134
5.505312643999787
5.5054829850000715
5.505933217999882
5.505940716999248
5.506389595999281
5.5064491070006625
5.506466825001553
5.50655291899966
5.506575426999916
5.506833407000158
5.50692835999871
5.5069697970011475
5.507226546000311
5.507495671001379
5.507582808999359
5.507738708998659
5.508012209000299
5.5080478500003665
5.508158804001141
5.508246522999798
5.5085026920005475
5.508629431999907
5.508787478999693
5.508973736999906
5.509289609999541
5.509457173999181
5.509672206999767
5.509918597999786
5.509930835999512
5.509994803998779
5.510100213999976
5.510268559999986
5.510395495999546
5.510480963000191
5.510715742999764
5.5108761219999
5.51115040500008
5.511191232000783
5.511342010999215
5.511555889000192
5.511556159000975
5.511635722999927
5.511766039000577
5.511808726999789
5.5118270569983
5.511854199000027
5.512053460999596
5.512160416001279
5.512162261999947
5.512270317000002
5.512442686000213
5.512685751999925
5.512775196000803
5.512843382000938
5.512848509000833
5.513176088999899
5.513180277999709
5.513374918999034
5.51349710400018
5.513509839000108
5.513659375000316
5.513666372999978
5.51367664099962
5.513868355999875
5.514250745000027
5.51436162400023
5.514367859000231
5.514457900999332
5.514646319999883
5.514671556999929
5.514702458000102
5.514778187000047
5.51481349200003
5.514843906999886
5.5149341609994735
5.514984550000008
5.514992319999692
5.515147522999541
5.515170013999523
5.51529934500013
5.515566820999084
5.515810801000043
5.515880616999993
5.516045516000304
5.516404012001658
5.51640953399874
5.516412765000041
5.5164201320003485
5.5168091509995065
5.516916842998398
5.51701458900061
5.517098194999562
5.517145202000393
5.517186084000059
5.517832802999692
5.517839830999947
5.517962523000051
5.5179783849998785
5.518058624999867
5.518215345999124
5.518241383999339
5.518344275000345
5.518800317999194
5.518823381000402
5.518915303999165
5.519171028001438
5.519317140000567
5.519366786000319
5.5193861580000885
5.519477464000374
5.519629652000731
5.519644252999569
5.519722602999536
5.519731763000891
5.520124409000346
5.520166765999875
5.5206630320001295
5.521007528001064
5.521040228999482
5.521052083000086
5.521256189000269
5.521299171999999
5.521499118999827
5.521727706000092
5.521781228999316
5.522203675999663
5.5223548260000825
5.5225387859991315
5.523109563000617
5.524027425999975
5.52408596100031
5.524268001001474
5.524513259999367
5.524549812999794
5.524590062999778
5.525022028000421
5.525324421999812
5.525368931999992
5.525378477999766
5.525408995999896
5.525420416999623
5.5257427610004015
5.525836931000413
5.525837864000096
5.5259754239996255
5.526393237000093
5.526774758000101
5.5269204239994
5.527398336999795
5.527512419001141
5.527993830999549
5.528134535999925
5.528207442001076
5.528405418000148
5.5289978509999855
5.529148121997423
5.529845908000425
5.5306207810008345
5.530671124000037
5.53090604099998
5.531013496998639
5.5310712049995345
5.531108477000089
5.532517260999157
5.532920794000347
5.533073212999625
5.533128934999695
5.533540459999131
5.533721918000083
5.533834421999927
5.534202974999971
5.534602443998665
5.53472822600088
5.534788746999766
5.534804288000032
5.534856866999689
5.535289649000333
5.5353326129998095
5.535359134000828
5.535372904001633
5.535847504999765
5.535851072001606
5.535968456000774
5.5360628820017155
5.536209413001416
5.536804724999456
5.536823751999691
5.537221028000204
5.537308255000426
5.5373927090004145
5.537716150000051
5.537874178000493
5.538301753000269
5.538396267999815
5.5384066419997
5.538943591000134
5.539256870000827
5.539536820000649
5.540066138999464
5.540253782999571
5.5405217459992855
5.5408143129989185
5.540968983000312
5.541092560000834
5.541301830999146
5.541365963999851
5.541743516999304
5.54190409200055
5.541929824999897
5.542043299999932
5.542487972001254
5.542550610000035
5.542736225999761
5.543105030999868
5.5437221489992226
5.54373369699897
5.543781936999949
5.543783933999293
5.543890248000025
5.544080022998969
5.544287664999501
5.544713785999193
5.54505167500065
5.545061064000038
5.545076102000166
5.545097234000423
5.545327228999668
5.545328629999858
5.545740328998363
5.545905642999969
5.546119134998662
5.54637408599956
5.546403877000557
5.546812245000183
5.547021804000906
5.5470875360006175
5.547156578999875
5.547218289000739
5.547279697999329
5.5472806359998685
5.547403833000317
5.547440413000004
5.54759055500017
5.5476804359996095
5.54800864400022
5.5480709450002905
5.548164379999889
5.548183255000367
5.548200750999968
5.54827511700023
5.549211396999453
5.5494119429999955
5.549607045999892
5.549608017000537
5.549930541999856
5.55030969499785
5.550690949001364
5.550709979999738
5.550719425999887
5.550773459999618
5.55115213299996
5.551198787998146
5.551725091998378
5.552511188000153
5.552567173999705
5.552720460000273
5.552844834999632
5.55301631400107
5.553849481999805
5.554085360000045
5.554381033000027
5.554408406000221
5.5548115659998984
5.555140131000371
5.5552928850011085
5.555375698000262
5.555441581000196
5.5557187930007785
5.555979380998906
5.556076431999827
5.5563817610000115
5.556398942999294
5.556460079999852
5.556567560000076
5.557256955000412
5.557827827999972
5.558227669998814
5.558240599000783
5.5584064009999565
5.558471176000012
5.558613427000182
5.5586475119998795
5.5588561029999255
5.558975291000024
5.559039486999609
5.559053277000203
5.559585671000605
5.5597075149999
5.559832238999661
5.5598702420002155
5.560409202000301
5.560421621999922
5.56065591099923
5.560757940998883
5.5607755330001964
5.561355732001175
5.561578062999615
5.561696033999397
5.561840281001423
5.561895083001218
5.562022752000303
5.562049014999502
5.562126938999427
5.56244850999974
5.562597688000096
5.563287406999734
5.563583420000214
5.563612996000302
5.564144687999942
5.564587793000101
5.564824914999917
5.564960128000166
5.565006107000045
5.565009001000362
5.565072747000158
5.565199853999729
5.56526217100145
5.565646635000121
5.565704618000382
5.565745415000038
5.566121022000061
5.566226994999852
5.566275983000196
5.56636107400027
5.566649537000558
5.566863525998997
5.567162383999857
5.5673521230000915
5.56738461399982
5.567585579000479
5.568740175998755
5.568746880000617
5.5687638290000905
5.56920436099972
5.56976529199892
5.5699815769985435
5.570114864000061
5.570220380999672
5.570242151000002
5.57025622600122
5.570365304999996
5.570404281001174
5.570788589997392
5.57093933500073
5.570956936000584
5.571155855001052
5.571353815999828
5.5713643439994485
5.571697605002555
5.57178785600081
5.571952544000169
5.572361127000477
5.5730627449993335
5.573138379000056
5.573186057999919
5.5732663280005
5.573393614000452
5.5734691210000165
5.573608397000498
5.573768394000126
5.573946841999714
5.574018489000082
5.574174107000545
5.574344523000036
5.5747355099993
5.57507766299932
5.57542225999714
5.575563026999589
5.575612910999553
5.575764271998196
5.5758945239999775
5.576232175997575
5.5762607239994395
5.5763667179999175
5.576439352000307
5.576518789999682
5.576560841000173
5.576731388000553
5.576889205000043
5.577322541998001
5.577539996999803
5.577880593998998
5.5782356539998545
5.578308658999958
5.578334885000004
5.5785604160009825
5.5786981170003855
5.578847655999198
5.578852124999685
5.578854221999791
5.578890089000197
5.5791067449990805
5.579714499999682
5.580090716000996
5.58027086400034
5.5804251620002105
5.580508289998761
5.5810628489998635
5.581133577998116
5.581157840999367
5.581322172
5.58139014399967
5.58153501400011
5.5816135009999925
5.582146854001621
5.582546889000014
5.582621852001466
5.582841407999695
5.5828952949996165
5.583192113001132
5.583446193000782
5.583502428000429
5.58380276600019
5.584003009000298
5.58409039199978
5.584137775000272
5.584160773000804
5.5844837600016035
5.585011748999932
5.585230614000466
5.585354242999529
5.585921961999702
5.585947816999578
5.585948874999303
5.585963332000574
5.586183780000283
5.586187326998697
5.587162166000098
5.58742083299876
5.587668256999677
5.588114905999646
5.588432546002878
5.589475925999068
5.589860555999621
5.5898656620011025
5.590332173000206
5.590499054000247
5.590693603000545
5.590722490999951
5.59074177399998
5.590827743000773
5.591526947000148
5.591829611999856
5.591921043000184
5.5920645020005395
5.592231749000348
5.592376066000725
5.592455131998577
5.59256241500043
5.592785797000033
5.593376886999977
5.593399720000889
5.59360640900195
5.593622451999181
5.594067488000292
5.594221913001093
5.5946280880016275
5.595120722000502
5.59534160900057
5.595347532998858
5.595421669000643
5.595742400999825
5.596098268000787
5.596164051999949
5.596200988000419
5.596289859000535
5.596411155000169
5.596472856999981
5.596757048000654
5.596956792998753
5.597456901999976
5.598749172000225
5.5988562740003545
5.598895736999111
5.59892117399977
5.598938279999857
5.599314934999711
5.599341285000264
5.600158952000129
5.600359867999941
5.600566834999881
5.600943137000286
5.601197661000015
5.60126185199988
5.601932163999663
5.602080388998729
5.602684299999964
5.603610173999186
5.6036349030000565
5.604273867000302
5.604333444000076
5.60453343500194
5.604578122000021
5.604931876998307
5.605048239000098
5.605060346000755
5.60523076499976
5.606118891000733
5.607070095999006
5.607361955999295
5.6078619199979585
5.608178741000302
5.608188713000345
5.608439550000185
5.60846789200059
5.608820100000003
5.609094546000051
5.609321252000882
5.6094527909990575
5.609616055000515
5.609724461000042
5.609726677999788
5.6098432069998125
5.6105298589991435
5.610751884999445
5.610849460000054
5.610875312000189
5.611866236000424
5.611959788999229
5.612160128001051
5.61236495600042
5.61259821800013
5.612815873000045
5.612872679999782
5.6130346989993996
5.613463112000318
5.613489641999877
5.613978686000337
5.614215273002628
5.6144270280001365
5.614433217999931
5.614541407999923
5.614900820999537
5.61499251100031
5.6150407519999135
5.6153731540000535
5.61572114000046
5.6160550599997805
5.616275332999976
5.616303835000508
5.61679006400027
5.616912098999819
5.61736069699873
5.617477596000754
5.6177214449999155
5.61818822100031
5.618234597000082
5.619395290000284
5.619396614999914
5.6197904950001885
5.620476710999355
5.621188828999948
5.621594373000335
5.621956307000801
5.622558247000143
5.622648644000037
5.622742813999139
5.622809737000125
5.622957800000222
5.623201008000024
5.623489608
5.623873831002129
5.623892576999424
5.624012575999586
5.624200910999207
5.6244537699999455
5.6244936479997705
5.625118838000162
5.625390843999412
5.627132151999831
5.627545063999605
5.628337053999985
5.628419745999054
5.629611163999925
5.6300747109999065
5.6301620729991555
5.630390317999627
5.630736291000176
5.6308008280000195
5.631298969000454
5.631380810000337
5.631550429000072
5.631608773000153
5.632031621997157
5.63232019599991
5.6331091489992104
5.633109246000458
5.633358459999727
5.63401685000008
5.63410365499999
5.634147483000561
5.634339938000039
5.6346339030005765
5.635246112000459
5.637338755999735
5.638027479000812
5.638056369999504
5.638617968999824
5.638897991000022
5.6389999390012235
5.639066726000237
5.639342934000069
5.63942657699954
5.639621592999902
5.639647857999989
5.639727853000295
5.6403800990010495
5.640776046999235
5.641458485999465
5.641762621000453
5.642617067000174
5.642892855999889
5.643181575000199
5.643234196000094
5.644337126999744
5.64436598499924
5.644750585999645
5.645086979999178
5.645325516999947
5.645971504000045
5.646498654999959
5.646574667000095
5.647123022999949
5.647186434000105
5.647242987000936
5.64756803399996
5.6485107620001145
5.64923754199981
5.649635850999857
5.649876324000616
5.650111294000453
5.650346380998599
5.650513268000395
5.6506171119999635
5.650844889999917
5.651847130000533
5.651878642000156
5.652410178000537
5.652414373998909
5.652733640999941
5.653627555000639
5.653652524997597
5.654139612999643
5.654246959000375
5.6568498430006
5.657258854000247
5.65728798300006
5.657303756000147
5.657655392000379
5.6588706969996565
5.659417392999785
5.659773139999743
5.659883070999058
5.660533197999939
5.660543564000363
5.660777376000624
5.661072507000426
5.661336522000056
5.661623070000132
5.661716938000609
5.662019328001406
5.662066173999847
5.663076415999967
5.663216781000301
5.663335463999829
5.6635636880000675
5.664506977000201
5.664839615999881
5.665395124000042
5.665523450000364
5.6670250170000145
5.6675522639998235
5.667599282000083
5.66794825100078
5.667976994000128
5.668314792000274
5.668934404000083
5.669412186000045
5.670782311999574
5.671273036000457
5.671453421000479
5.671672750000653
5.671727021000152
5.6719135960011045
5.6733268320003845
5.673575206000351
5.673675322000236
5.6738368939986685
5.6745992979999755
5.674883522000073
5.674985326999831
5.675221355999383
5.676109686999553
5.6781371019988
5.678147511000134
5.678295566000088
5.678331226001319
5.678973911999492
5.679919046999203
5.679944815999988
5.680474480000157
5.680675886999779
5.680704590999085
5.680984790000139
5.681693231999816
5.682021919000363
5.6820395790000475
5.683061593000275
5.684233727999981
5.6856722019997505
5.6861774120006885
5.687599575000604
5.687911342000007
5.689178741002252
5.6893077379991155
5.68945119800037
5.689784431999215
5.691185343000143
5.691237782999451
5.691695856000479
5.692174515999795
5.69226927300042
5.692974550999907
5.693084322000686
5.693145454999467
5.693983603000561
5.694114306999836
5.694118586000059
5.694341647999863
5.694344868999906
5.694452679999813
5.694557836999593
5.695768910999504
5.697480913000618
5.697928612999931
5.698487161999992
5.698749991999648
5.700894816999607
5.701736463000088
5.703099114998622
5.703478569999788
5.70350874199994
5.703585128999293
5.703616454999974
5.704000814999745
5.705159500999798
5.705764525999712
5.706664197999999
5.707554748001712
5.708215285999813
5.708335932999034
5.708784565000315
5.709930493000002
5.710935705999873
5.712093006997748
5.713980935001018
5.715049379999982
5.71505345300011
5.71656743099993
5.716899917999399
5.717670763999195
5.717849716000046
5.717943831999946
5.718131744999937
5.719141992000004
5.719568611999875
5.720070562001638
5.720139905999986
5.721258001000024
5.722029487000327
5.722659528000349
5.7227251490003255
5.723193736999747
5.7242585800004235
5.724283203999221
5.724447381000573
5.724917612999889
5.72572689899971
5.726227234999897
5.726483379001365
5.726844323000478
5.726873885999339
5.7278709189995425
5.7288180740001735
5.72888196599979
5.732104947000153
5.73251755299998
5.73515012200005
5.735964976000105
5.736383405000197
5.737848177999695
5.739591437999479
5.740334247999954
5.743407484999807
5.744323933000487
5.746579590999318
5.746686688000409
5.74840967199998
5.748662009000327
5.749219278000055
5.749404471999696
5.750527895999767
5.753173658000378
5.753716071998497
5.753989844999978
5.755283036000037
5.755687981000165
5.755751219001468
5.756517563000671
5.756585646000531
5.757698479001192
5.757801260999258
5.758455273999971
5.759862987999895
5.7603723219999665
5.76063199499913
5.760822680999809
5.761010573999556
5.762678600000072
5.763076677999379
5.763391730999501
5.764237728000808
5.765707145999841
5.766609569000138
5.766880017000403
5.766947999000877
5.768438707000314
5.769109512999876
5.77131299299981
5.773879308000687
5.77541429700068
5.77602190000016
5.77642409300006
5.778795371000342
5.779027513999608
5.78389259100004
5.7839478509999935
5.784277708000445
5.787165082999763
5.787752249999812
5.788363111998478
5.7901105799992365
5.790395779999926
5.791960324999309
5.79214843400041
5.79473772900019
5.795043447999888
5.795526281999628
5.79578317800042
5.798852636999982
5.800195801000882
5.80247837800016
5.803335944999844
5.803851073999795
5.804377723000016
5.804769084999862
5.806324676999793
5.806375366000793
5.807075577999967
5.807716588999938
5.814565917999971
5.814749904000109
5.815660014999594
5.816448081999624
5.819531981999944
5.822852081000747
5.823006873999475
5.823252123998827
5.825051674999486
5.825297817000319
5.826171796999915
5.826874932999999
5.8412050799997814
5.8422785559996555
5.847272074999637
5.8474824020004235
5.8480485750005755
5.848423949999415
5.848584093999307
5.849822486999983
5.850961678001113
5.851234942000019
5.8527957259993855
5.854466029999912
5.855788651999319
5.857170163000092
5.858727593000367
5.858759830999588
5.862534580999636
5.863381191999906
5.863490912000088
5.864410374000727
5.865465525999753
5.866757514999335
5.866788491999614
5.867097426000328
5.8774562170001445
5.9008606459999555
5.904253729000175
5.910666434999939
5.911129962000132
5.918796231999295
5.924386114000299
5.937646023999832
5.940097466000225
5.952012416999423
5.956017621000228
5.97735653699965
5.9779410129995085
6.0003097700009675
6.008161409000422
6.018248273998324
6.079427148999912
6.091660415999968
6.142490096000984
6.224351641000112
6.279459115000009
6.46146473799854
6.4901874710012635
10.43866420699851
10.441369010999551
10.44520609999745
10.451075992001279
10.45612890800112
10.470323104000272
10.471493701999862
10.471586135998223
10.477240537002217
10.486683911
10.4955564410011
10.511213683999813
10.516381452000132
10.516474242998811
10.520932417999575
10.525037038998562
10.525826454999333
10.526085615998454
10.526559504000033
10.527654550001898
10.52872996699989
10.532182390999878
10.535313895001309
10.53730399500273
10.537479483000425
10.538329611001245
10.538862351000716
10.540025332000369
10.541050445997826
10.542734714999824
10.542870228000538
10.54287439700056
10.545631774999492
10.545942152000862
10.553384719998576
10.55848319800134
10.558497509999142
10.56027803500183
10.565532235999854
10.565658678000545
10.567836997000995
10.57070985899918
10.572216472999571
10.572753144999297
10.57288211299965
10.574239162000595
10.57599354299964
10.576574026999879
10.577568964003149
10.578219991999504
10.578973546998895
10.58033621100003
10.585849381997832
10.586540574999162
10.587468173000161
10.588833347999753
10.58934948499882
10.591762041998663
10.596318465000877
10.599328107000474
10.602666490000047
10.605701533000683
10.611796273999062
10.612301143002696
10.624033666999821
10.628579016000003
10.633029791999434
10.64112243099953
10.647466162001365
10.651633492000656
10.651975528999174
10.653401759002008
10.656986539999707
10.657639965998897
10.660059134000221
10.66378547899967
10.663915876000146
10.664759407999554
10.667806043999917
10.667860273999395
10.668556163000176
10.669323362002615
10.67226963199937
10.672578060999513
10.673827406000783
10.678731646003143
10.679079050999917
10.679337056000804
10.683507218996965
10.686784662000719
10.686803718999727
10.686876384999778
10.690855673999977
10.693195564999769
10.697255913000845
10.697387809999782
10.700240161000693
10.700666586999432
10.703767123999569
10.703959479000332
10.707334653000544
10.70767488599995
10.707699530001264
10.707977846001086
10.709290678001707
10.709953547000623
10.711159484000746
10.716965417999745
10.717221742999754
10.717845321999448
10.71895122800015
10.721109841000043
10.721925730000294
10.724266358000023
10.724390134000714
10.726723399000093
10.727066128998558
10.728565209000408
10.729557069999828
10.72995061399979
10.731176833000063
10.73463972799982
10.737755103000381
10.73898578499984
10.739348439999958
10.742802736000158
10.746522108000136
10.747052500999871
10.74782575900008
10.749642177999704
10.754421521999575
10.757531306999226
10.761965087000135
10.763727248999658
10.765862016000028
10.766946056999586
10.771367970000028
10.771729089000473
10.773049711999192
10.773978460999842
10.774016791999657
10.776903438999852
10.778155045999938
10.778977304000364
10.779453089000071
10.781282240999644
10.781609350999133
10.782223475000137
10.784191266999187
10.78616420599974
10.788746782998714
10.788901107000129
10.789853545999904
10.789872573000139
10.790653355999893
10.791068885999266
10.797313351000412
10.797350160999486
10.798083921999932
10.798144055999728
10.800992829999814
10.805134711999926
10.805960305999179
10.807940898000197
10.808525983000436
10.811457520000658
10.81674272500004
10.820085714000015
10.825579252000352
10.827958430999843
10.829325348000566
10.829331070999615
10.833915428999717
10.835942424999303
10.838562608001666
10.839066880000246
10.840139549000014
10.840761140999348
10.84458305499993
10.84607165199941
10.846405162001247
10.848870920999616
10.853184763999707
10.856504568999298
10.858099782000863
10.86087919199963
10.863240800999847
10.863906251001026
10.865053294999598
10.865793031000067
10.865864225000223
10.872678241999893
10.88024200200016
10.885899258999416
10.89163014100086
10.892055934999007
10.892628158000662
10.893077918999552
10.895235670999682
10.89780608899855
10.900057007999976
10.905792674999248
10.912661753000066
10.927075088000493
10.928808912000022
10.92953621200013
10.934812862000399
10.941128764001405
10.953933329999927
10.954737355999896
10.95571564200145
10.956009769999582
10.960633513001085
10.961578320000172
10.965048837000268
10.974365191999823
10.980906724000306
10.981818238000415
10.981944852000197
10.994844777999788
10.9963166739999
10.99674003400105
10.997833796000123
10.998706506999952
11.006741289000047
11.009730914000102
11.012814429999935
11.025634034000177
11.027266483999938
11.029620908000652
11.030520075000823
11.032546953999372
11.032594461999906
11.04723974100034
11.055969801999709
11.057772139000008
11.060459942000307
11.06529949600008
11.067359598000166
11.085544771998684
11.09793709800033
11.117502184999921
11.126522218999526
11.131519455999296
11.14123318699967
11.167908265999358
11.184002856000006
11.208047549000185
11.208781010000166
11.213735080000333
11.219615420000082
11.227386087999548
11.227485900999454
11.238409819000026
11.276343102001192
11.368964671999947
11.504205234001347
11.507820851998986
11.514508882999507
11.515721620000477
11.515985504000128
11.51639971000077
11.522339462999298
11.522425335999287
11.52283491200069
11.52478194700052
11.526315547000195
11.527007779000996
11.528264573000342
11.528871414000605
11.532724265001889
11.53336085400042
11.534758791996865
11.536694553999041
11.538305070000206
11.539592589000677
11.54429889399762
11.546130771999742
11.556190151999544
11.567305831998965
11.577688785997452
11.580830765000428
11.58905587800109
11.594497381998735
11.595084979999228
11.601169109999319
11.603773554001236
11.605856903999666
11.606768115001614
11.608082397000544
11.61407085099927
11.614710829002433
11.622671215000082
11.624050239999633
11.624142182000014
11.625816709998617
11.626873717999842
11.627391844998783
11.629615952000677
11.632247884999742
11.633472740000798
11.634160282001176
11.634302075999585
11.636681274001603
11.640440652001416
11.640490800000407
11.643001274002017
11.645205886998156
11.647100913000031
11.647929191000003
11.651261561000865
11.651588569999149
11.651865607000218
11.65279257400016
11.65487247800047
11.654932156998257
11.65745665599934
11.660648637000122
11.661531966999974
11.663948374998654
11.667553909999697
11.67274309899949
11.673447256000145
11.674277616999461
11.676629208001032
11.68527947000075
11.689559610998913
11.69127876299899
11.692357661000642
11.694384790000186
11.696242039000936
11.698594272000264
11.698763382999914
11.700482987000214
11.702405064999766
11.705567562999931
11.707533280000007
11.707951709999179
11.710794818000068
11.711811548000696
11.7122059609992
11.71237792699867
11.712487558001158
11.714029685997957
11.714620237000418
11.715151383003104
11.717233729999862
11.718494934000773
11.71853206500009
11.720263831997727
11.721653512000103
11.723018507000234
11.724236980999194
11.726683262999359
11.727187415000117
11.729508129999886
11.730410161000691
11.73056306699982
11.73171046599964
11.733054342999822
11.733315348003089
11.735063023999828
11.735098000001017
11.738605714999721
11.738759941999888
11.740836289000072
11.742072084999563
11.743007441000373
11.743215123999107
11.74659796800006
11.749352017999627
11.752006918000916
11.752563287998782
11.75351139999998
11.75385651599936
11.75396050299969
11.759611270001187
11.763037016999988
11.765845687001274
11.767306422003458
11.768590728999698
11.769033329000194
11.770482040999923
11.772093292000136
11.77559599900087
11.777546065999559
11.777848662999531
11.778397781000194
11.778621940999074
11.7825914189998
11.787243453999508
11.78981513599956
11.79009650199987
11.793672118999893
11.797501353999905
11.80563677200007
11.80731271300101
11.808555190998959
11.812707151999348
11.813129648999166
11.81321663100016
11.816480017001595
11.818039220999708
11.821121296000456
11.821752719999495
11.82314568900074
11.825930212999083
11.826376611000342
11.828385071001321
11.82920521699998
11.829993859999377
11.83273446000021
11.833365557999059
11.835104116998991
11.835835367999607
11.840999596999609
11.841001001999757
11.842168706999928
11.84324449099995
11.844626445999893
11.846625819998735
11.850042156999962
11.851494780999928
11.852734339998278
11.854038948999914
11.855001539999648
11.856518356999914
11.857467068999995
11.862784512999497
11.869676203999916
11.870864083000015
11.871005045000857
11.875186273000509
11.87592459500047
11.876638977999391
11.878743758000383
11.879550284998913
11.881960317000448
11.88468095899998
11.886273540000047
11.886830919998829
11.887322228999437
11.887941185999807
11.888472635999278
11.891258747999927
11.893798852000145
11.895741186000123
11.898589690001245
11.899856571999408
11.900310110999271
11.902969421999842
11.907947863999652
11.908358756998496
11.909413236000546
11.910511084999598
11.915214610000476
11.915772283000024
11.916060310999455
11.917565654999635
11.926074702001642
11.9274081450003
11.927448275000643
11.928205411000818
11.929609599001196
11.929919648999885
11.932327740000346
11.932581225999456
11.936946230000103
11.940412910000305
11.941551867999806
11.951980756000012
11.95947884599991
11.965966277000007
11.970560759999898
11.971202649000588
11.971308944999691
11.97770164099893
11.98984304700025
11.993776491999597
12.01065306900091
12.010740878999968
12.030828056000246
12.033233074000236
12.03868777599996
12.049042374999772
12.05127207800001
12.053801735999969
12.076765797999542
12.091796863999662
12.093535985999551
12.103086404998976
12.109650464999504
12.118905573999655
12.12409663299968
12.130695945999832
12.139806363999924
12.147557076999874
12.160577724000177
12.1643568089994
12.17106709699965
12.172038914999575
12.174119887000415
12.206326200999683
12.215334327000164
12.277974808000181
12.303060664999066
12.329182462999597
12.351979110999991
12.458811962999789
12.67998154299994
13.096842888999163
13.472321613999156
