8.067011664003076
8.090850280001177
14.03817957299907
14.037834857001144
12.631819857000664
12.659237159998156
12.93812439300018
13.022435732000304
8.04611002999809
8.071319855000183
14.119726318000176
14.000480446997244
12.649710421999771
12.72735415599891
13.419207166996785
13.392277752001974
5.062629709002067
5.0689458010019735
4.934501617997739
4.826286274997983
3.0405116839974653
3.2665471020009136
2.7966108940017875
2.9709482510006637
5.311832243001845
5.3377273849982885
4.861682630998985
4.86611607499799
3.1905601489997935
3.077655015000346
2.96924936600044
2.857156613998086
8.268700406999415
8.285701406999578
14.06567357899985
14.078309762000572
12.794961273000808
12.68574211500163
13.365686458997516
13.363466761999007
8.12587294900004
8.09917135899741
14.696158504000778
14.770140650998655
13.20937572999901
13.145380606001709
13.001787380999303
13.013122955999279
5.056354361000558
5.15112409500216
5.128352607000124
5.007994766001502
3.21251452299839
3.0957324800001516
2.9570739650007454
2.964795548999973
5.258496703998389
5.137072096000338
5.085112192999077
5.157212786998571
3.358990675998939
3.2394794909996563
2.8902187919993594
2.887010274000204
8.041498357000819
8.345256112002971
14.023107985001843
14.137995018001675
12.548633703001542
12.883378177997656
12.918389761998696
13.041556774001947
8.014683711000544
8.036216563999915
14.117490628999803
13.994541181000386
12.583795532002114
12.716023394998047
12.931033321998257
13.020184506000078
5.327766579001036
5.321936631997232
5.23562424100237
5.1140544840018265
3.2899429480021354
3.169911637000041
2.946218425000552
2.9448312140011694
5.317313340998226
5.213344355001027
5.115463582002121
5.243275258999347
3.168091715997434
3.369085231999634
2.938560481001332
2.939016205000371
8.11203420899983
8.139568566002708
14.546555606000766
14.677849043000606
13.330443506001757
13.152071743003034
13.21557842599941
13.042250325001078
8.109730958
8.10104876299738
14.517625569998927
14.53541176699946
13.211007033998612
13.210821251999732
13.013596384997072
12.999425010999403
5.05150387699905
5.169305830000667
5.084387271999731
4.9646817650027515
3.133813131000352
3.1442305279997527
3.0661065310014237
3.1045244739980262
5.078389932001301
5.176606319997518
4.999485256001208
4.964611585000966
3.263542120999773
3.1432430799977737
3.1148933229997056
3.0895156300030067
8.184227386998828
8.108994672002154
14.143939314999443
14.16114665400164
12.6432422580001
12.70907218100183
13.06402504700236
13.08076252900355
8.071197344997927
8.130224784003076
14.1223943469995
13.998422162996576
12.619480421002663
12.619406079997134
13.433142147998296
13.40683028499916
5.293405451997387
5.305345263997879
4.823704952999833
4.834520997999789
3.052000470001076
3.0459958060018835
2.9126218679994054
2.8006058179998945
5.209497165000357
5.311695925000095
4.85524474200065
5.088771386999724
3.1861448579984426
3.0716751470026793
2.9717066539997177
2.976608799999667
8.092738559000281
8.061963328000274
14.040522349001549
14.133166838997568
12.681606643000123
12.804015460998926
13.505511241000931
13.378815575997578
8.218757986000128
8.215390561999811
14.550089402000594
14.656838635000895
13.206639100000757
13.09275125899876
12.960117317001277
12.985066477998771
5.041827673998341
5.11015658299948
5.0240286590014875
5.012980961997528
3.104561519001436
3.097148880999157
3.0757266859982337
2.961425245997816
5.249605312001222
5.248322767998616
5.078843997001968
5.072368852001091
3.4249089259974426
3.239547285000299
2.8824219560010533
2.9975273339987325
8.159287667000171
8.056568459000118
14.137952052999026
14.087885007000295
12.726177353997628
12.556203636002465
13.172057363997737
12.933650557002693
8.049367804000212
8.04305701499834
14.016097832001833
14.05421252800079
12.588060678997863
12.644350447000761
12.92315807200066
12.941244679997908
5.335326668999187
5.227048242002638
5.118849474998569
5.1131362470005115
3.2858501959999558
3.2805176440015202
2.943548589999409
2.948169768002117
5.33377111700247
5.303547969000647
5.453704103001655
5.230299371000001
3.1690911420009797
3.2850391450010648
2.9405358569965756
3.059098357996845
8.223375858000509
8.347487899001862
14.597334655998566
14.514780155001063
13.140996191999875
13.15296401500018
13.101218125000742
13.096258891000616
8.228694665001967
8.224996739001654
14.530049083001359
14.52048522500263
13.244175784999243
13.14936454400231
13.100461040998198
12.998950535002223
5.0596536839984765
5.065389310999308
5.0837207329968805
5.077276928001083
3.2533003139978973
3.2114704730011
3.2101771500019822
3.108407272000477
5.054234311002801
5.187754506001511
4.96392631100025
4.958488693999243
3.143730599000264
3.1413393969996832
3.2260739140001533
3.112211545001628
