7.063187230753276e-2
64.17079126941292
64.17079126941292
1.1241857210273551
1.0025846493127033
1.0028492049500104
64.17079126941292
1.0764735569763029
64.17079126941292
1.039791256548985
7.410253671941769e-2
1.0033679327504352
64.17079126941292
1.0084334915911253
1.014070943090603
1.0006998999115058
1.0013102680932189
1.0004747778665357
7.318537055217356e-2
0.9998135299478076
0.9995970343824174
7.030028514485635e-2
1.000750097512928
1.0006758589660445
1.0028974382841493
7.469727417992726e-2
6.883784564625839e-2
0.9988906602802547
1.0669347709919381
7.281391343455804e-2
6.953846812081965e-2
1.0030913636988181
0.9986930848310597
7.372332520426648e-2
6.879653890761474e-2
7.60111262115811e-2
0.9990624685898661
7.444220619386623e-2
7.455601950908519e-2
7.069979837419399e-2
6.878844247900147e-2
64.17079126941292
7.029207128347789e-2
7.157683790429757e-2
6.869780957840334e-2
7.524997014670812e-2
7.209683371898801e-2
7.055094459748881e-2
7.15250488671567e-2
0.99928960238917
7.014819523581214e-2
6.891250066155001e-2
7.145233566048416e-2
7.248482957453078e-2
6.871509333980096e-2
7.106721080671317e-2
6.933027625554924e-2
7.133033992753372e-2
7.54605087366347e-2
0.13639251867422028
7.522368322337578e-2
7.04706149598982e-2
7.042615936085234e-2
7.342244889859442e-2
6.978820158909685e-2
64.17079126941292
7.022512895602417e-2
7.073198451755407e-2
7.46594031452993e-2
6.8739604656565e-2
6.890937939400442e-2
7.189358107952219e-2
7.348493520615255e-2
7.651836551446997e-2
7.49103058058686e-2
6.904682424528055e-2
7.17365095918154e-2
