14.157914371092664
1.5583413889999065e-2
1.5583413889999065e-2
0.889532735824232
0.9974220138773567
0.997158889954794
1.5583413889999065e-2
0.9289591867067234
1.5583413889999065e-2
0.9617314953377756
13.494814675324898
0.9966433721464438
1.5583413889999065e-2
0.9916370373837755
0.9861243010792532
0.9993005896057673
0.9986914464627292
0.9995254474405161
13.663933002663477
1.0001865048297578
1.000403128064332
14.224693369869877
0.9992504647116277
0.9993245975107835
0.997110932610311
13.387369364928194
14.52689273773567
1.001110571721067
0.9372644206452206
13.733638982318348
14.380529612221963
0.9969181633790376
1.001308625431367
13.564228108665512
14.535614957939622
13.155968735635435
1.0009384112001096
13.433239705386331
13.412733225090467
14.144311907472261
14.537325805934078
1.5583413889999065e-2
14.226355572410759
13.970999967015288
14.55650487456549
13.289041816898926
13.870234633294748
14.174154658102111
13.981115928453226
1.000710902634363
14.255534253424083
14.511155311447778
13.995343759672755
13.795990221261043
14.552843507829202
14.07118681947115
14.423712900176989
14.019279888697081
13.251964726213386
7.331780435762355
13.293685673839084
14.190311813924954
14.199269264083542
13.619812673112074
14.32906963110842
1.5583413889999065e-2
14.239916891091964
14.13787562756454
13.394160117431396
14.547654223444745
14.511812597850891
13.909447616664
13.608231363266883
13.068757980865332
13.349298060423326
14.482925332635432
13.939903205356014
