0.4914891106305849
0.5928087715964813
0.6074602500685778
0.6164192232716972
0.6278978624417383
0.629247028489024
0.6340711036379016
0.6465034306103167
0.654487914538196
0.6571078704856074
0.6623875744889336
0.6630977740977465
0.6632452479619223
0.665482248902193
0.6664108191136132
0.6668002698803964
0.6670857615173722
0.6678153241613483
0.6685691434556199
0.6746482675043473
0.6751036840441077
0.6759404031672654
0.6776778584245798
0.6784978613987673
0.678564112196507
0.6793308677363877
0.6793594813481105
0.6794184477575488
0.6798898876989499
0.6826930577816347
0.6846366863483487
0.6855525033153127
0.6856533213390005
0.6870213151078972
0.6874625211332304
0.6875516238682208
0.688100249027993
0.6884285408845874
0.688628629441602
0.6899781502344092
0.6901429602225048
0.6909044477296699
0.6909399118039529
0.6909563260907018
0.6910452451915875
0.6916120715993119
0.6917196239428302
0.693251497748543
0.6945269113157941
0.6946227294980379
0.6951902111917175
0.6963326073697926
0.6964840035334308
0.6970378264394406
0.6971486341308208
0.6983061892055291
0.6983194408441602
0.6990434923580746
0.6993920516406122
0.6999650170082821
0.7004566079798028
0.7010598417976066
0.7011019316513653
0.7012006106911738
0.7012595181953025
0.7022238923667348
0.7022657167215407
0.7023676066105734
0.7026073902882496
0.7028319946129963
0.7034200342558382
0.7038081178088297
0.7045230572612315
0.7045318582014956
0.7059335452487056
0.7062457915123262
0.7064742906275019
0.7080764547905637
0.7088281260518542
0.7088612407297328
0.7089365258911763
0.7089799941339228
0.7090189322475519
0.7098149942315166
0.7100527878449405
0.7102837523930471
0.7110254472706233
0.7110255857934638
0.7110716860101561
0.7118758391436402
0.7120601986173014
0.7131802151623265
0.7140967556132319
0.7145574012591767
0.7145605455003383
0.7147134983924615
0.7147744806493693
0.71499152634228
0.7159412999041495
0.7164173347475644
0.7169217058402704
0.7171750311433068
0.7175250065535939
0.717708027090448
0.7183631507126874
0.7185986628745096
0.7187044746982172
0.7195186764846522
0.7197812093723105
0.7200987370586701
0.7209395428886594
0.7211921360819236
0.7219555806029953
0.7221403711415673
0.7226426987416391
0.7232970631560509
0.7233776134446998
0.7234373675092997
0.7236209371114465
0.7243123132450991
0.7245761824933167
0.725773575182059
0.7259633881534838
0.7263289924297093
0.7267113166194898
0.728733694703738
0.7300004714564404
0.7314514525007402
0.7322322668868902
0.7322848453041478
0.7325119145918387
0.7326841480199001
0.7327139994493964
0.7332423535017975
0.733490191824939
0.7337493567446562
0.7337959975803275
0.7339176970985816
0.7339214611004414
0.734394116577283
0.7345062381889024
0.7347356116134361
0.7349805452228197
0.735146653174459
0.7352707117097447
0.7355870197443565
0.7356414902635898
0.7359100944168245
0.7363449316761458
0.7365380220519975
0.7371409082014817
0.737214127878831
0.7378495477932094
0.7382842410233176
0.738441717868016
0.7387726231109809
0.738966612182229
0.7394251287131701
0.7396370515929394
0.7399026289177041
0.7402495040415853
0.7403484531283492
0.7407182547293125
0.7409012995401775
0.7414655403326295
0.7414760482571152
0.7416430522448035
0.7416605839066391
0.7417457666950021
0.7417584976851878
0.7420815925791086
0.7421048845361431
0.7422992254569627
0.7424756324028245
0.7426547540316824
0.7427071608278786
0.7431692560234743
0.743558698774713
0.7440944039831942
0.7442077560557894
0.7443402832350031
0.7446641893609952
0.7446722511291358
0.7450181054636358
0.7450419251704401
0.7452798227845872
0.7453459801341553
0.7457875091221804
0.7460086153718077
0.7460410418216089
0.7462409411051225
0.7466106846427575
0.7466580104513263
0.7468628418430442
0.7470021928007795
0.7470412869548704
0.747219324345866
0.7472720138306715
0.7475622574144942
0.7476101371033066
0.7477413282403619
0.7478181034586532
0.7482838997350441
0.7483973249029737
0.748538764752358
0.7486000184016929
0.7490436246581906
0.7491931270560649
0.749478710387923
0.7494882979199344
0.7496228570569314
0.749718721842195
0.7501318317313059
0.7502594626051748
0.7506126166153699
0.7507934349360765
0.7509788667835516
0.751206397472967
0.7514635703633802
0.7515134833377713
0.7518339430864552
0.7518433405563846
0.7531291677180604
0.7531973857945907
0.7533883600055
0.7536246406077527
0.7537238688738722
0.7538157809964898
0.7539316006259457
0.7539575080690452
0.7540748616310278
0.7540962045835184
0.7542126974460686
0.7542526245075726
0.7545236004346626
0.7546736867842182
0.7553881631835859
0.7554141634108034
0.755711675074697
0.7558176175779363
0.756545677077679
0.7565487495259879
0.7569658123015176
0.7573258733138498
0.7577142160719298
0.7578847058314239
0.758355639599522
0.7586112573441197
0.758906872180511
0.7590399133668955
0.760917682095149
0.7609836637995991
0.7610381085223106
0.7610513186661921
0.7610521411295472
0.7613741592381441
0.7613888940994709
0.7614187568687354
0.7616896276748131
0.761833341117492
0.7619201280197608
0.7621075580000979
0.7622781969115818
0.762312735999409
0.7624429292693664
0.7625416070246154
0.762593229329126
0.7626090518451843
0.7628772819325088
0.7629927337357486
0.7631223825353634
0.7632158690763478
0.7632618793260381
0.7632736479775234
0.7634328053833075
0.7638087161841643
0.7641656617316
0.7643711164005333
0.7644166297082481
0.7649083849190499
0.7653879711251621
0.7663703849130088
0.7665676377795068
0.7668740872933753
0.7670494593499007
0.7688476358942674
0.7689620483450057
0.7693949421315909
0.7696337595317326
0.770062750357325
0.7704478747789542
0.7704874134578679
0.7711116665874261
0.7713245177679109
0.7714514194388907
0.7715152573618395
0.7716948949122452
0.7725156800153159
0.7733349942712723
0.7743168755846138
0.774483018760507
0.7744948984560983
0.7758830478397309
0.7767981461562423
0.7769407322200406
0.7771102100592625
0.77721877811161
0.7779384745404159
0.7781542046864639
0.778910066532835
0.7789403311623215
0.7794690721089376
0.7796843092379697
0.7802128204298039
0.7802808308583971
0.7807671083529516
0.7846218634189759
0.7849954272173246
0.7853657059143313
0.785532226445075
0.7868512275111578
0.7903433491219986
0.7916384662616771
0.791693648410874
0.7919148992218434
0.7919633284739678
0.792245056029943
0.7929046646976818
0.7941296336518467
0.7941519413427021
0.7954216762808253
0.7959297470797773
0.7965734196312683
0.7972027329584032
0.7974487954338213
0.7978905650099056
0.7981301012117228
0.7993221607400286
0.8012306941922451
0.8013037288592947
0.8013373743819016
0.8020621505546597
0.8023961700057703
0.8028919654744766
0.8035917820446761
0.803712370587073
0.806573450376292
0.8077254767525618
0.8080305972227071
0.8090284323996807
0.8094575210045429
0.8101236748574205
0.8122850068921448
0.8128287856877702
0.8133757468224442
0.8155755566292298
0.8157183370131043
0.8179281588065003
0.8180499936642454
0.818110434774096
0.8188418121260681
0.8188970813063694
0.8194272513584689
0.8203112268834745
0.8207232832564368
0.8207475283786967
0.8218591785865235
0.8220982907770805
0.8229705356691456
0.8234863850855002
0.8237788598531556
0.8239824373089953
0.8245446894525287
0.8254380425320446
0.8255892040881264
0.8256055320802528
0.8256098706429533
0.8256940614187824
0.8259713836256021
0.826375026975841
0.8272560210631557
0.8272825453642663
0.8273032406608568
0.8274465647316694
0.8276914730408473
0.8278482913336527
0.8291267793465366
0.8308902356149838
0.8309783289769069
0.8315592861377236
0.8318007155606589
0.8318233721952402
0.8318858401864817
0.8319982583148543
0.832110187524577
0.8326991080575266
0.8327241955843024
0.8329312017844662
0.8332712733720135
0.8337299247629387
0.834514046227584
0.8346891000581277
0.8347319643026289
0.8351252127869953
0.835686704393818
0.8364405223719898
0.83656852437657
0.836711112387224
0.8367582552994531
0.8369856576556902
0.8372889577908796
0.8373982535686447
0.8379164724944262
0.838114676991887
0.8381581797194683
0.8385294304870279
0.8385483613265932
0.8388865941099181
0.8389334792708186
0.8389434185842227
0.8390756193549702
0.8392423118657187
0.8395843529857454
0.8398253547899489
0.8399445932226403
0.840127568195765
0.8408610274643681
0.8409654988992978
0.8412747029290187
0.8413174683589144
0.8416230779834257
0.8416800676511782
0.842112739700669
0.8427351329770146
0.8435195374932772
0.843687564905962
0.8438041503666291
0.8440699081931526
0.844142343195446
0.8448228023540127
0.845354172449473
0.8455654880281016
0.8457500956627835
0.8459971098962323
0.8461863411412742
0.8464685816649477
0.8466120396229855
0.8468677299187904
0.8469067795708269
0.8472557906851204
0.847775444482474
0.8479405810181905
0.8481494575999602
0.8483114439603288
0.8483131480527025
0.8483142555727855
0.8486852654587422
0.8488355497795514
0.8491052518171435
0.8500126571136498
0.8500407186084505
0.850247040510678
0.8504462386239212
0.8507307343136886
0.8507366321343413
0.8508814196387244
0.8511737174007131
0.8512729111081302
0.8513958350349186
0.8515589000412456
0.8517446332592838
0.8519787193401683
0.8521607782818462
0.8523068195454715
0.8527366312625104
0.8529400154436366
0.8531353411416259
0.8533249040303812
0.8533803958736902
0.8534822476413706
0.8535540333627308
0.8535630303767088
0.8536587212665343
0.8537734903140383
0.8538880926321957
0.853946253780549
0.8542434504100238
0.8543021029877625
0.8545306351197377
0.8545927143923162
0.8546324833715914
0.8546667936724978
0.854821993936644
0.8549188487774521
0.854982629206987
0.8550688617225622
0.8550990319301541
0.8551340948686131
0.8555863485454523
0.8557590937099719
0.8559098478447411
0.8565197160458321
0.8565493856437527
0.8568704536190795
0.8571452578840553
0.8572374510910746
0.8576069364342072
0.8576451306428694
0.8579670354748575
0.8592901485887361
0.8616242507873867
0.8625332084020885
0.9710728091939005
1.0447512359232947
1.0794236313470493
1.0815710947579527
1.0832643787713843
1.0855378182055355
1.0926185219883249
1.1160640969271343
1.1320971302110074
1.1401365061271531
1.1419058973980314
1.1452135919315949
1.1531890259344246
1.1699660285857958
1.1784055981586377
1.1836367498357452
1.1866304525553495
1.1889427996240716
1.1929688406404377
1.2056473171374062
1.2069991393675037
1.21357669657709
1.2167114722082086
1.2302739943828558
1.2322166705737738
1.2331521998806825
1.2406215139123948
1.2427905610808434
1.2466744258436218
1.2477641376796655
1.2543304016729668
1.2584620340022545
1.2609930155566347
1.2610762534218138
1.2628071055331052
1.2670918221803422
1.2677170220264915
1.2684922400212386
1.2686332796492097
1.2745572855547682
1.275056347449177
1.2757587915403221
1.2775395512160364
1.278633872383202
1.2789064854354595
1.2791204088604062
1.279522388071763
1.2797351206291119
1.2797939470316657
1.2820506854046183
1.2828219356840374
1.283177680095743
1.2852862222401178
1.2857411861751527
1.285795072218003
1.2918598722237074
1.2921684173862031
1.2942109933210453
1.2943566829119204
1.2948277273866486
1.2948348059395574
1.2953093125776933
1.2954533347348365
1.2955953444260393
1.2960710605071002
1.296230993859164
1.296853008635358
1.2970818566284432
1.2973266126716523
1.2979150335745677
1.2998746634844567
1.2999434216523025
1.2999538295394624
1.3002092002796877
1.301652244075615
1.3017373085047572
1.3017690306930667
1.3022359984619611
1.303476177399027
1.3036556251935072
1.3037754267271826
1.3040306297080881
1.304830090721052
1.30495409300789
1.3051187745010275
1.3057108377608613
1.305951556743734
1.3060289624673127
1.3073060072138925
1.3083765375949814
1.3084235004395262
1.3084703159896987
1.3091004235373194
1.309336698918709
1.3094165656575747
1.3094227947251875
1.309650636247647
1.3096578109047075
1.3099567344747403
1.3099615993142235
1.3101085242154031
1.3102467197448042
1.3103092861241776
1.3104528355610574
1.3107114172077643
1.311059976625651
1.3113683694994578
1.311527009178496
1.311854588285512
1.3118566551663038
1.312074891261089
1.312987006575345
1.313302224425635
1.313312015976261
1.3135433732809751
1.3136211397633661
1.3142065723906757
1.3142610745186765
1.3142681097768427
1.314285006449572
1.314289157272996
1.3143778128891896
1.3146177738899378
1.314833664002132
1.3150813663930712
1.3152113690652807
1.3152586733571754
1.315401388735521
1.3154439636735211
1.3157290869141245
1.3159615166055942
1.3161679135238247
1.316484163322891
1.3164951237324884
1.3166990355182364
1.3172310964595415
1.317247059552435
1.3173081566583997
1.3179963944810762
1.317998023896635
1.3182955795996107
1.318349653201213
1.3189023174306451
1.319840982602021
1.3205407689454103
1.3211416200337598
1.3213151667714236
1.321581942996812
1.321866563887987
1.322079870562172
1.3222819388982006
1.3226091562621765
1.3226092909588656
1.322700720700663
1.3229230875149083
1.3231373743327306
1.323302576297911
1.3234579915493916
1.3239191577944345
1.323973392222695
1.3240646127000157
1.3242860950120552
1.324873661703453
1.324883779274304
1.3252113954012674
1.3258068146660034
1.32598983015858
1.3261477502775676
1.3271075955629394
1.32711725413431
1.3271689555945023
1.327176873032084
1.3276535482539038
1.3277693971106388
1.3277980054672305
1.3280383011981571
1.3281347694687402
1.3286463579250554
1.3287428121542957
1.3292619387136364
1.3297271240105542
1.3299320445428342
1.329932948358271
1.330296123610506
1.3303351552188662
1.3304361029441847
1.3304898636161064
1.331135323640453
1.3311433770715015
1.3315604670955712
1.3318483650253947
1.3320139823637756
1.3321891001280388
1.332205124338904
1.3324902241279508
1.332582236680497
1.332758731288557
1.3327793982288645
1.33311661834198
1.3332516725574584
1.333461569665298
1.33352111799986
1.3338963834470607
1.3340000149589346
1.3340822906890435
1.3341779907457065
1.3345693598704536
1.3346841582715465
1.3349060324055342
1.3355692347194665
1.3358120412223322
1.3361710345851907
1.3363700507456726
1.33752805851383
1.3379898573712514
1.338392523097723
1.3384974546112354
1.3387449455973262
1.3391978969824052
1.3392235922470292
1.3393839826167702
1.339448069144777
1.339534879733157
1.3399456452929408
1.3399856438238216
1.340276090360488
1.3409500494061406
1.3415013936830897
1.3415483925637015
1.3423449225586868
1.3428946050508994
1.3431134052109177
1.3439222923914618
1.344564473206917
1.3448459534635078
1.344976336183265
1.345105479479691
1.3454825256700018
1.345917040331882
1.3477822018797017
1.3481282826902803
1.3482981411431834
1.349368847698855
1.3496232772929606
1.3502882019347875
1.3506654852433693
1.3522598433719049
1.3531029339571086
1.354178887848777
1.354505140852493
1.3558799372055592
1.3562932477328757
1.3563847006825938
1.3571540671379723
1.3574233647057439
1.3574445493882896
1.3577305842840368
1.3577532680986546
1.3579670401245814
1.3590258308239527
1.3592801851317142
1.359446981210931
1.359801932337799
1.3598712664269832
1.360316176874371
1.3612320676974492
1.3617018625046267
1.3630984026012318
1.3632002733904405
1.36368429651955
1.363725752760597
1.3657598221759761
1.3658332443263366
1.3664375419640258
1.3664577672482732
1.366649875687092
1.3667172368891478
1.3668935610194615
1.3679856408018831
1.3703199609682055
1.3703948432880504
1.3709401952132143
1.3709791390851134
1.3718272429248797
1.3723757227282782
1.3728163120589116
1.373444611059596
1.373957993864608
1.3751798867655767
1.3761659612552524
1.376280667008883
1.3766510442695625
1.37739882873065
1.3789375124577719
1.3789420740963667
1.3794334835242354
1.3797043446179937
1.3797692827349717
1.3810995907796486
1.381616922836874
1.3836289312637668
1.3839387399178535
1.387466015511244
1.3877605412695664
1.3878096028534168
1.3880416706650298
1.3881065192796684
1.3894311780886879
1.3904526556739893
1.3918571867228364
1.39408599112217
1.394283742561769
1.3955943300415032
1.3967853998088104
1.3969067494811127
1.3969080705463885
1.3978773548288668
1.3982731407812923
1.3983663909060255
1.4002534411111034
1.4017285982506895
1.402754605771985
1.4031542514701154
1.4032457436083925
1.4054234834055177
1.4057650000923514
1.4070330431275795
1.407211460301109
1.4085349703260206
1.4095404596604952
1.4095541389408015
1.4099149406073779
1.4115333678523643
1.4115670605875945
1.411786058730827
1.4119663273644025
1.4119882478756534
1.412076052372066
1.4140222086402372
1.4141527473612336
1.4143485156234796
1.4143928194643214
1.4150404599539466
1.4151140817992276
1.4151475671945366
1.415149615901111
1.4152291235069734
1.4159887783234484
1.4162702273739423
1.4163034224879076
1.4163278690021033
1.4175628441090946
1.4176551356883482
1.4177373290195692
1.418615538112527
1.4190062963408656
1.4196092729898642
1.4199705976915844
1.4203360825657774
1.421011581994522
1.4215583633118782
1.4225657097557052
1.4226244255882712
1.4228926680001317
1.4235680546026763
1.4240235043609815
1.4246384414376918
1.4247329070672519
1.4252598657785513
1.4257882024169066
1.426338564825833
1.426456151009841
1.429350694233873
1.4300730420380863
1.4305507999678024
1.431763629442474
1.4319210314340058
1.4323743948671255
1.4324619132727945
1.433433302594718
1.4336948785404955
1.4339460159736792
1.434888488243809
1.4358245990921223
1.4360708882212512
1.4364228006864452
1.436803582381842
1.4368509702856365
1.4372210829058132
1.4372788106062286
1.4374030650421794
1.4376127042536402
1.4378596837446413
1.4378912480520927
1.4380300113955728
1.4382294640514737
1.4394186924882668
1.4396055962069219
1.4402015021641936
1.4404200979452455
1.4404824030372059
1.441397386104546
1.4421866720455263
1.442408377960085
1.4428826748104588
1.442933918690951
1.4433611669281758
1.4446329985856303
1.444637157918474
1.4464564660319774
1.4471534117573217
1.4472663908668264
1.44808447024183
1.4481942643128751
1.4499391360498444
1.4500907441402247
1.4513135344637689
1.4518502734873318
1.4520159456146469
1.4521120463649104
1.4534453116619408
1.4541215300013395
1.4542152641294492
1.4558813543344695
1.4563426279504035
1.4565047319994564
1.457282298532381
1.4575350869139296
1.4577083933976973
1.4579739008495793
1.4582805873235416
1.4589282958422778
1.4597437943524543
1.4600818960810065
1.4609644051305901
1.4610469775865225
1.4613354781068197
1.4620700410757816
1.4624525215889295
1.463448731788506
1.464167093899709
1.464472160211846
1.464592776151512
1.464744518565997
1.4654108525517653
1.4667986100908523
1.4681128351300057
1.4684257020384408
1.4685663369181698
1.4689231417871254
1.47081720043645
1.4709687164949288
1.4709998058969938
1.471196722259214
1.4719073521695454
1.4730302985750956
1.474063841548739
1.474340788175828
1.4744583589011617
1.4747131859084832
1.4749542799957214
1.4755176903607543
1.4755467428567928
1.4761625441726465
1.4762060394089218
1.4763159046240115
1.4765981569966178
1.476869932145105
1.4773816227232286
1.477406001213759
1.4782181648701826
1.478944948478239
1.479245060183282
1.4794695935206617
1.4799007501588364
1.480400685900889
1.480545412674453
1.4805851462000212
1.480602284489497
1.4811998274936566
1.4814262341591342
1.4815887660676306
1.4834231021121937
1.4835942999933622
1.4839315580086907
1.4845119002961191
1.4847496001206406
1.485080493755309
1.4850832130968143
1.4852338775660752
1.4853353700415153
1.4855075281926462
1.4861281352047564
1.4863543654509483
1.4867611354692565
1.4872012132825343
1.4879769195739756
1.4881050657898511
1.4882907711539282
1.4888336619275921
1.488962270575372
1.4892410051640677
1.4895395838959122
1.490893738824593
1.4909461667826875
1.4910938522402035
1.491875492971612
1.4928018490605297
1.4930872330603062
1.493534582139714
1.4936182181869706
1.49362468111848
1.493678876464536
1.4944641483644943
1.4945454203487734
1.4949766959142259
1.495836253031984
1.496374538128755
1.4964152646575783
1.4964416435894605
1.4967604498498888
1.4968265548202841
1.4971976763939232
1.4972385867284492
1.4974153966359198
1.4975607939452298
1.497680942154301
1.4984415870350911
1.4984823430762688
1.4985050988056996
1.4985387710979874
1.4988288129172909
1.4991895935747679
1.49956055003266
1.4997863201928916
1.5000136186221857
1.5000377371996796
1.500099167806168
1.5007914716481652
1.5016541651665598
1.5017312415793183
1.5019555837179956
1.5020610282561047
1.5020838905506795
1.502182479614031
1.5022399516839762
1.5022479992090805
1.5024340821892246
1.502589748743166
1.5029718706178605
1.5033067358832204
1.5033111133825423
1.5034940826608738
1.5035623119997807
1.5036422387630735
1.504292800364833
1.5042940064883743
1.5044561653110993
1.5047406115661757
1.5052029582990405
1.505570407254561
1.5058278013001762
1.505900199806303
1.5061684208913535
1.506516684233684
1.5067509970890895
1.5068832603999145
1.5071286605403371
1.5077067561621307
1.5077279129416727
1.5079303269770585
1.5081062528358689
1.508667602388979
1.5087862522826916
1.5095456299057632
1.509633101668275
1.5097835734462768
1.5098666638408746
1.5099005796600953
1.5104392239744047
1.5109858325218841
1.5115999743672859
1.511608430956005
1.5124853266422351
1.5125230068358864
1.5126156425289978
1.5126830753619027
1.5126833156235402
1.5127632150123433
1.5128278116347917
1.512989567679617
1.5133660619240852
1.5134487477250784
1.5134736713588937
1.5137078621475553
1.5137097845598055
1.5138068418196928
1.5139065288852414
1.5140494683649595
1.5140759018666599
1.5141156765003116
1.5142282465979808
1.5145059432248
1.5147525316299042
1.5148680534997245
1.5152257497346364
1.515359675058801
1.515409231156018
1.515432329354537
1.5154333237558788
1.515601403057353
1.5156396383783028
1.5158225238487355
1.515997437127304
1.516033143553506
1.5160415440909443
1.5160768940322211
1.5161966961557867
1.516278181059735
1.516280452572445
1.5165560666584037
1.5165647995903475
1.5167204935611251
1.5167265368416682
1.5169019441496832
1.5169891521388787
1.517072084737875
1.5174981259690996
1.5176085394724237
1.5176696763694295
1.5177758185313375
1.51785381008436
1.5179733747568354
1.5180058629756272
1.5180265124640253
1.5181305358020645
1.5181437073909958
1.518231348657199
1.5182343544183192
1.5186451837089203
1.5186908356483289
1.5187001075223758
1.518901662646048
1.5189197617636385
1.5189889276725403
1.5190219254784065
1.5190389960207025
1.5190486690357312
1.5191261152893623
1.5191281299523638
1.51917931988628
1.519185678194364
1.5192819917061047
1.5194416886879896
1.5194844262926581
1.519568814202649
1.5195737441258887
1.519729435274087
1.5198256029299977
1.5199538738985325
1.5200881418843515
1.520200783740836
1.520332827857009
1.5203885071880254
1.5205799394572537
1.5207425643606158
1.5208051312689097
1.520962837615203
1.5210039349966007
1.5213904677578811
1.5215930201259071
1.5216635967072751
1.5220113772423634
1.522157072410995
1.5222747020836138
1.5223287415939895
1.5225204866246547
1.522571001335463
1.5226030699803057
1.5226519973802914
1.52298096646701
1.5232850495117523
1.5232990485993614
1.5233767176854365
1.5234453965646897
1.523574200374276
1.5236720044293792
1.523760935281406
1.5238110958012896
1.5238180618341477
1.5238220812647278
1.523825153321799
1.5242468810489607
1.5242782466288614
1.5243005518291626
1.5247870581124046
1.524849693202717
1.5252208568608994
1.5254952559243116
1.5254965940281628
1.5256270204239444
1.5256498399459089
1.5256844429441894
1.5259096544838144
1.526317226380636
1.5263383099531298
1.526411971905597
1.5264361057375089
1.526454363891954
1.526470038386797
1.5268835842791073
1.5269013798597415
1.5272720689352526
1.52749566587739
1.5274984937729554
1.5275519341033121
1.5275530751457835
1.5276323968221592
1.527840767468866
1.5279682073941323
1.5279804505900876
1.527982507484409
1.527993807664278
1.528000165255688
1.5280448123108974
1.5281950185288014
1.5282251245058829
1.5287000711941185
1.5287923221582043
1.5288113799725422
1.5290675286118662
1.5290847064400277
1.5293068745852092
1.52937559335361
1.5294652848338448
1.529469647574425
1.5294972000790477
1.5296721247995584
1.5296815242223538
1.529731651750248
1.5297982860598365
1.5299714936174453
1.530091565666951
1.5301338438672083
1.5302387229944614
1.5302557304462654
1.5303426820622308
1.5303722942348432
1.5304293952838484
1.530431114471945
1.530621293525481
1.5306370865128254
1.5306386702823531
1.5306517505512485
1.5307390799090215
1.5308042460212046
1.5308636502000106
1.530968777062997
1.5314534378937334
1.531528347333447
1.5317497198970842
1.531854241053873
1.5318826821003437
1.5319651483316643
1.5320015358009127
1.5320101987330257
1.5320172117667599
1.5320234268516206
1.5320307052290234
1.5322051582130705
1.5323044187003472
1.5323632513690395
1.5324201136195412
1.5324690046732317
1.5325782252973486
1.532654846854362
1.5327638050024728
1.532809428676451
1.5328223651587063
1.5329559507484405
1.5330108758415304
1.5330952287231248
1.5331674170214282
1.5331690130833637
1.5332220939804648
1.5332414010975126
1.5332889386892865
1.533315263008612
1.533580698468632
1.5336882781870516
1.5337737877654014
1.5337878462073886
1.533879928786946
1.5338933844974745
1.5339867457245133
1.534070815377261
1.53412361512505
1.5341696987283953
1.534224579017439
1.5344617585061455
1.534470185568545
1.5345254499927872
1.5346116793892508
1.534715901387421
1.5347591916411003
1.5349682647690146
1.534985462337129
1.5350616814866542
1.535205101551318
1.5352969277469122
1.5354413135880227
1.5354932905560046
1.535700721856927
1.5357678937226114
1.5358538264270842
1.5359256897021596
1.5359640443828835
1.5359721364332601
1.535997925394953
1.5361562146510432
1.5362263338712001
1.5363675545749396
1.5364260434184174
1.5364312580132062
1.536446427513118
1.5364540808363294
1.5365217246982976
1.5365593984852615
1.5365817552614707
1.536605583685897
1.536625965461323
1.5367676186205879
1.5367826625103815
1.5368614576164568
1.5369052067729265
1.5369295908869356
1.5369469812506835
1.5369797339357505
1.5370461577828878
1.5371023970502709
1.5371583970584528
1.5372332465290899
1.5372381074115749
1.5372648865369398
1.5372964900394832
1.53757262751194
1.5376165542944369
1.5377040701679157
1.5377259235000091
1.5377507285648422
1.5378175359656565
1.5378201515307535
1.5378793044555175
1.5379226550946583
1.537989531840258
1.5380075588546334
1.5380473020971919
1.538080863446799
1.5381233098781528
1.5381424993108768
1.5381849136533827
1.5381892363693677
1.5383434481186105
1.5384369873751544
1.5384656449807852
1.5385804044494669
1.5385841588839198
1.5386402503431278
1.538663858556072
1.5387077482709486
1.5388015425806643
1.5389626057450858
1.5392352954682924
1.5396342636681652
1.5396593745059541
1.5397063910791848
1.5397066020721404
1.5397071188829803
1.5397178700730352
1.5397484839334123
1.5399262001763985
1.5399486787453465
1.5400169935343664
1.5400805588098831
1.5401221431743692
1.540220121514274
1.5402305097888984
1.5402487886543534
1.5402814331069319
1.5402839194558482
1.5404104396815061
1.5405605901868682
1.5406207540002208
1.5406707726499707
1.5407216182627148
1.5407327017208163
1.5408127286076518
1.5408739544301184
1.5410081017663817
1.5410212458752597
1.5411076416219451
1.541161311653833
1.5411887525763868
1.5413097223259262
1.5413661148527533
1.541376159840431
1.541433476748179
1.5416572041031835
1.5418032832214092
1.5418064424690396
1.541917185999982
1.5420345915585956
1.542042281629423
1.5420885187942592
1.5421272651257947
1.5424488161113588
1.5425027984967823
1.5425678112579926
1.5425756065898073
1.5425768201560592
1.5426599896755875
1.5426809536174495
1.54268613222155
1.5427561110213293
1.5427603309435702
1.5427720340289985
1.5427946528859322
1.542899446602823
1.5428996156214672
1.5429220239627282
1.542985834047441
1.5430668428179193
1.5431665488092248
1.5431730166180582
1.5431883552583867
1.5433033273705186
1.543334164959062
1.5434556385075822
1.5435732212932733
1.5436176607855663
1.5436230625114513
1.5436516539241099
1.5436564125116605
1.5439977132903229
1.5440800442820966
1.5441211200819491
1.5442574908165305
1.5443568045639593
1.5443897760329122
1.5447066663129025
1.5448942308554643
1.5449522703761365
1.5450144558133805
1.5450389021794007
1.545040635248893
1.5450721271812458
1.5451202937968163
1.545133128546013
1.5452406709407398
1.5452521896227611
1.545286875648318
1.5454257953365622
1.5455727257053957
1.5455857256378842
1.545604946444003
1.5456313537376547
1.5456655980830736
1.5456874226550241
1.545697297075485
1.5457705265246835
1.5458989677967494
1.5460634563621858
1.546083903364417
1.5460968879903092
1.5462255245662
1.546253949468399
1.546304851041162
1.546329433907375
1.546404442660099
1.5464069296841774
1.5465160653644916
1.54659517289135
1.546666836839726
1.5467075001563528
1.5467268278216608
1.546804265342598
1.5468180396822748
1.5469364416567544
1.547004233881734
1.5471171351925237
1.5471698458257541
1.5472472726498254
1.5473891597494067
1.5473938264722988
1.5475250977373352
1.5476625782081916
1.5477459976149677
1.5477943742112894
1.547810571487996
1.5478448813197192
1.54784733943897
1.5479640731471147
1.5479943041050799
1.5481519334954752
1.5481916514616607
1.5482598294147565
1.5482599900226144
1.5483716889775974
1.5484818478774787
1.5484976686979557
1.5486212467078764
1.5486320651890066
1.5486819818097655
1.5487001955946043
1.5487251976729872
1.5487439065854278
1.5488131167079622
1.548954125109559
1.5489813643746309
1.5489860143157659
1.5490847037842919
1.5491030854240515
1.549247778079754
1.5492912079483836
1.5494297826480574
1.5494538431653286
1.54948424758282
1.549604251528556
1.549620669208298
1.5496355215422113
1.5496888602121093
1.549707861395558
1.5498235188066904
1.5498400396151673
1.5499061383823134
1.5499377160627053
1.549946042503666
1.549982436295376
1.5499960943195592
1.5501117683290144
1.550137690671707
1.5501474009578158
1.5501881585831103
1.5503006478660104
1.5503340130297414
1.550494018482233
1.5504993554502944
1.5505338230569103
1.5505486784730633
1.5505714009107634
1.5506575507517237
1.55070662413377
1.550706941552975
1.550716769591493
1.5507588124952472
1.550915319280811
1.5509437941994912
1.5510649000484897
1.5510770759088703
1.551170216384091
1.551182150876666
1.5512035973310143
1.5512073775310566
1.5512316617293136
1.5512358126406278
1.5512440110608776
1.5513809786098651
1.5514330270372203
1.551456261620398
1.5514975262026607
1.5515292024636986
1.5516972727014002
1.5517458629076164
1.5517468886802814
1.5518081557675287
1.5518517461660082
1.552084029557484
1.552103800181685
1.5521980879687407
1.5523925636407738
1.5524135929109517
1.5524138628300839
1.552428725372856
1.5525705255007465
1.5526541397480305
1.552748147222599
1.5527695550253433
1.5527969407079694
1.5528285301961884
1.5528977176233092
1.553049957935479
1.5531267803837268
1.5531494409469038
1.5531747436926369
1.5531824825550586
1.5533793983948943
1.553686328307551
1.5538171049247864
1.5539535396143653
1.5539604314037763
1.5540221656233668
1.5540412490696758
1.554043726908035
1.5540919304239729
1.5541077187569434
1.5541323861065395
1.554159757077829
1.5541899140904967
1.5542372449635438
1.5542510046455935
1.554267847060657
1.5542839095391077
1.5544315868353977
1.5544348946992133
1.5544927857999278
1.5547184060281767
1.5547528100779833
1.5547700404699039
1.5549897784004263
1.554999107072307
1.555181548908125
1.5551816988602118
1.5552468269644846
1.5552782767426265
1.5553164066491156
1.5554286640300596
1.5554600026107348
1.5555414505962346
1.555558705734157
1.5557215147408978
1.5558038590852852
1.5558729609012498
1.555947491813285
1.5559784784590311
1.5559936175504843
1.5560274945457067
1.5560483633337607
1.5561043454911185
1.55613713033997
1.5561382757400029
1.5562246771798554
1.5563731498446889
1.5564240803148797
1.5564860952333204
1.5565287422911196
1.556589847244397
1.556596607367836
1.5566142057650452
1.556635657301737
1.5568643723394773
1.556942682846312
1.5569591230664677
1.5570155586650336
1.5572151693875609
1.5572870327557624
1.5573733653536743
1.5573952913847733
1.5574153527897636
1.5574362442668193
1.5574807287578345
1.5576443503986723
1.5577302179028332
1.5577491668541479
1.5579483200964992
1.5580533619591235
1.5581482987410478
1.5581773263730714
1.5582051920689945
1.558312628916648
1.558376904823938
1.5584595037988238
1.55851944879043
1.558524940739415
1.558623508505895
1.5586474011091753
1.5588305226934571
1.5589552354048697
1.558990945230845
1.5590742899122862
1.5592358396582715
1.5592644628935546
1.5593692300330728
1.5594885131556206
1.5595321639934465
1.5595351044579182
1.559569094490257
1.5595980607610453
1.5596031614077799
1.5596910257072187
1.5597444165998848
1.559761288266207
1.5599487330950115
1.5600936992908563
1.5601337865267735
1.560209130306944
1.5602267374539627
1.5603203787112072
1.5604015476162885
1.5604942504122763
1.560558820883736
1.5606028896739341
1.560720904977256
1.560773106981701
1.5610258744849808
1.5610499309633488
1.5610504183381568
1.561094171277677
1.561228384359653
1.5612342171604485
1.5612398550081659
1.5612539144620259
1.5613110908786867
1.5613284913192997
1.5615000861003707
1.5615294533272295
1.5615975478976678
1.5616179176794796
1.5617385646017952
1.5619096811175137
1.5621376182442597
1.5622327141883665
1.5623269991377602
1.5624143552807521
1.5625808684430178
1.562582728990789
1.5627061282624697
1.5627159600203802
1.5627354285341377
1.5627430382852106
1.5627823605868576
1.5628812453422567
1.5629553914741776
1.562969582000915
1.5630166991287453
1.5630414302243252
1.563042517403532
1.5630617863876077
1.5630810924936183
1.563091798765835
1.5631362404144495
1.5631740333141892
1.563197760188555
1.5632143449901623
1.5632999576871673
1.563314767901393
1.5633266920399362
1.5633775849073568
1.5633837784078473
1.5634763274492727
1.5636153659314245
1.5636272873202066
1.563635895967296
1.5636366465693663
1.563665835040781
1.5637593491570403
1.5639353260816302
1.5639644107450676
1.56399197992311
1.564009917169579
1.5640730151133986
1.5641389022982124
1.5645060805881157
1.5645412961429837
1.5646242071661538
1.56463620269783
1.5646527935549306
1.564701309817389
1.5647195302061803
1.5647263219491334
1.5647324747238958
1.5647544909358941
1.5647638783758144
1.5648227054614499
1.5649199506420952
1.5650003962423094
1.5650585993703998
1.5650793240897343
1.5651402350627652
1.5652301894433454
1.565239945186642
1.565242821463516
1.5655497692272469
1.565797630973616
1.5658501584334117
1.5658647448441048
1.5658859935780227
1.5659376466397288
1.5659600719709583
1.5659799132227636
1.566039614121495
1.5660642055251333
1.5660834558829255
1.5660933571609463
1.5661250705473255
1.5661678868823976
1.566179785902863
1.5662045068104384
1.566238861782244
1.5662737972183423
1.566380570805402
1.5664148966972697
1.56644766104448
1.566524791373358
1.5665345853484873
1.5666842807930006
1.5667230505748921
1.5668091658710257
1.5668664896727242
1.5668856468222918
1.5670821334667613
1.5671047021005164
1.5671547679893558
1.5671736251845212
1.567468714179798
1.5674994660714827
1.5674999329115236
1.5675577151703028
1.5675879029119844
1.5676500660416173
1.5677473262390242
1.5678254031508174
1.5678586935854641
1.567932366272315
1.5679327325741366
1.5679637534432824
1.5681446321611892
1.5681545890316164
1.5681950866803223
1.568230244703435
1.5682501312281287
1.5684494842462402
1.5685901763563972
1.5686084923482086
1.568648287550869
1.5686540455116482
1.568654508117246
1.5686616662595951
1.5687121786627398
1.568761864957936
1.5688780654084906
1.5689080332637027
1.5689160306277268
1.5689645703982014
1.5691700219761018
1.5692968822600262
1.5692970866636256
1.5693388255004106
1.5694436084320629
1.5694512048337366
1.5694626217416894
1.5695157057764861
1.5695954469605755
1.569692219378967
1.5697491999135227
1.5701060302956085
1.5701675945080125
1.5701709943370081
1.570204586636534
1.5702663533681367
1.5704248249796957
1.5705014669447674
1.5706285672798044
1.5709211930579523
1.5710075755110173
1.571017934048859
1.5710309755825227
1.5710634372086785
1.5710812975983905
1.5711154916519294
1.571163128355841
1.5711866441474431
1.5712374748327873
1.5712683130595506
1.5713050089414846
1.5714205838975859
1.5714601737171892
1.5714823105095412
1.5714962364650005
1.5716176958594006
1.5716224234211902
1.5716658348185961
1.5716981621213184
1.5718034234174239
1.5718483272371082
1.5718529820628373
1.5719309421436922
1.5719473915414777
1.571957789656693
1.5722058234958463
1.572250176813099
1.5723198548642248
1.5723264160823274
1.5723556777095338
1.5724010754364683
1.572492014756259
1.5725535881712718
1.572685173617933
1.5726914188231522
1.57270565065524
1.5727170654934253
1.5727991063227627
1.5730466040198534
1.5730685430253295
1.5730745413462444
1.573113803749768
1.573141943920094
1.5731521994565192
1.5731830980400443
1.5732266006483517
1.5733919953857671
1.5733923147356292
1.5735961344630844
1.5735987939104288
1.5736209142338597
1.573874917836323
1.5738882372202863
1.5739109651647052
1.573912453959645
1.5739861813733607
1.5740201724823422
1.5740501116391348
1.5740878964601503
1.5741270360158066
1.5742524364361228
1.5744125539678402
1.5744948511169308
1.5744976871374226
1.5746200646873065
1.5746202630417567
1.5746500737822402
1.5747017065782216
1.5747225213340368
1.5747267765983899
1.5748907457737993
1.5749022667626547
1.574932167553186
1.5749330232955345
1.5749411367715394
1.5749459141129067
1.5749811894486252
1.5749996673993993
1.5750629878707085
1.5750886945836544
1.5751158857642393
1.575160688757036
1.5751884679925123
1.5752757472151822
1.5752943983416143
1.5753456093232263
1.5754155049303065
1.575515860878417
1.5755262392347231
1.5755794264239356
1.5758124289279558
1.5758423022078087
1.5758908319403613
1.5759223895399277
1.5759459163846863
1.5760159571736194
1.5760200306602479
1.576062890468657
1.576284054822717
1.57636508660738
1.5764766751788408
1.5765295537413377
1.576604729623749
1.5766222986228322
1.5766800767449094
1.5767331181206445
1.5768115456466243
1.5768221325294915
1.5768232812315204
1.5768420659946691
1.5768998030341992
1.5769813084749633
1.5770181398789644
1.5770627178812386
1.577113041524404
1.5774263699143218
1.577451039045186
1.5774527709419794
1.5775720593645288
1.5776297776990589
1.5776330456526895
1.5780449708790643
1.5781424642673252
1.578147500142384
1.5782408664046923
1.578293103627216
1.5784002641527473
1.5784850741740695
1.5786444863665618
1.5788352711167934
1.5788828536057737
1.5789710313790304
1.5790650436720766
1.5791432844170439
1.5792522214517293
1.5793585818604396
1.579482087949787
1.5795485662206756
1.5796352887813978
1.5797077041878085
1.5800014913644345
1.5800959409923034
1.5804777616748458
1.5807547459903717
1.5811548578301897
1.5813362223087368
1.5813469075467903
1.5813782264092218
1.5814097140689747
1.5814219258458277
1.582036471987436
1.5823138176850637
1.582594078317755
1.582797044895167
1.5829232016248307
1.5829409894057265
1.5829808085200037
1.5830630340258658
1.5831024307213588
1.583115583435733
1.5831312075844597
1.5832643737255314
1.5835920004177875
1.5838296140679602
1.5838338258778855
1.5840371105937783
1.5840404879471157
1.584557882570415
1.5847236343554536
1.5847288881165145
1.5851982833149176
1.5858425089884172
1.5869200211992975
