2.0346330740003395
1.6868846209999901
1.6461982490000082
1.6222725739999078
1.5926157099997909
1.5892009889998917
1.5771101919999637
1.5467822020000312
1.527912094000385
1.5218201530001352
1.5096901549995891
1.5080732269998407
1.507737903999896
1.502669683000022
1.500575877999836
1.4996994530001757
1.4990576290001627
1.4974199660000522
1.4957316079999146
1.482253862000107
1.4812539519998609
1.4794203680003193
1.4756273759994656
1.473843997000131
1.4737000999994052
1.472036745999958
1.471974745999887
1.4718469939998613
1.4708264060000147
1.464787122999951
1.460628710000492
1.4586774829995193
1.458462999999938
1.4555589149995285
1.4546247529997345
1.4544362420001562
1.4532766140000604
1.4525835880003797
1.4521615240000756
1.4493212569996103
1.4489751510000133
1.447378148000098
1.447303857999941
1.4472694759997466
1.4470832510000946
1.4458972610000274
1.4456724450001275
1.4424779510000008
1.4398290170001928
1.4396304029996827
1.4384552370001984
1.4360953220002557
1.4357831549996263
1.4346423710003364
1.434414342999844
1.4320365700004913
1.4320093950000228
1.4305261560002691
1.429813218000163
1.428642826000214
1.4276401830002214
1.4264117560005616
1.4263261229998534
1.4261253980002948
1.4260056000002805
1.4240472459996454
1.4239624350002487
1.4237558659997376
1.4232699710000816
1.4228151359993717
1.4216257020002558
1.4208418099997289
1.4193999609997263
1.4193822299998828
1.416563933999896
1.4159376409998004
1.4154796760003592
1.4122768709994489
1.41077923299963
1.4107133279999289
1.4105635180003446
1.4104770349995306
1.4103995740001665
1.4088178020001578
1.4083459949999906
1.4078880399993068
1.4064194240004326
1.406419150000147
1.4063279689999035
1.4047393450000527
1.4043756440000834
1.402170137000212
1.4003704569995534
1.3994676960001016
1.3994615379999686
1.3991620450001392
1.3990426730001673
1.3986179739999898
1.396762555999885
1.395834455000113
1.3948524529996575
1.3943597540001065
1.3936796500001947
1.3933242519997293
1.392053586000202
1.391597357000137
1.3913924779999434
1.3898179890002211
1.3893110670005626
1.3886984499995378
1.387078861000191
1.3865930450001542
1.3851267679997363
1.384772324000096
1.3838097329999073
1.3825578050000331
1.3824038530001417
1.3822896699998637
1.381939008000245
1.380619908999961
1.3801171280001654
1.3778401889999259
1.3774799339998935
1.376786567000181
1.3760622369991324
1.372243396000158
1.3698621289995572
1.3671447319998151
1.3656868799998847
1.3655888230005075
1.3651655080002456
1.364844596000239
1.3647889909998412
1.3638055620003797
1.3633447469992461
1.3628632050003944
1.3627765799997178
1.3625506019998284
1.3625436140000602
1.36166668199985
1.361458825000227
1.3610337979998803
1.3605802310003128
1.3602728050000223
1.3600432929997623
1.3594584639999994
1.3593578029995115
1.3588616430006368
1.3580591879999702
1.3577031599998008
1.3565927339996051
1.3564579980002236
1.3552898460002325
1.354491866999524
1.3542030139997223
1.3535964499997135
1.3532411119995231
1.3524019690003115
1.3520144750000327
1.351529188999848
1.3508958729998994
1.3507153230002586
1.3500409819998822
1.349707445000604
1.3486803440000585
1.348661231000733
1.3483575380005277
1.3483256649997202
1.3481708219997017
1.3481476830002066
1.3475607129998934
1.3475184179997086
1.3471656250003434
1.346845547999692
1.3465207010003724
1.3464256879997265
1.345588494000367
1.3448837350001668
1.343915496000136
1.3437108009998155
1.3434715580001466
1.3428871890000664
1.342872651000107
1.3422492589998
1.3422063460002391
1.3417779060000612
1.3416588090003643
1.340864505999889
1.3404670929994609
1.3404088299998875
1.3400497679999717
1.33938613600003
1.33930124099993
1.3389339300001666
1.338684156000454
1.3386141000000862
1.33829515299999
1.3382007909995082
1.3376812300002712
1.3375955599994995
1.3373608789997888
1.3372235779997936
1.336391174999335
1.336188635000326
1.3359361559996614
1.3358268440001666
1.3350357269996493
1.3347693189998608
1.3342607150007098
1.3342436469993117
1.334004147000087
1.333833570999559
1.3330990069998734
1.3328722259998358
1.332245126000089
1.3319242729994585
1.331595393999578
1.33119207099935
1.3307364980000784
1.3306481149993488
1.3300809430002118
1.3300643180000407
1.3277934819998336
1.3276732220001577
1.3273366739999801
1.3269205199999305
1.3267458300001636
1.3265840609997213
1.3263802700002998
1.3263346930002626
1.3261282809999102
1.3260907479998423
1.325885924999966
1.325815738000074
1.3253395910001018
1.3250760129999435
1.3238227030001326
1.323777138999958
1.3232559890002449
1.3230705089999901
1.3217972560000817
1.321791888000007
1.3210636249998515
1.3204355420002685
1.319758794000336
1.319461907999539
1.318642531000478
1.3181982080004673
1.3176847340000677
1.317453776000093
1.3142026049999913
1.3140886559995124
1.3139946459996281
1.3139718379998158
1.313970418000281
1.3134146829997917
1.3133892649993868
1.3133377540007132
1.3128707070000019
1.312623044999782
1.3124735299998065
1.3121507450000536
1.3118570149999869
1.311797576999652
1.3115735769997627
1.3114038510002501
1.311315078000007
1.3112878710007863
1.3108268179998959
1.3106284709997453
1.3104058050003005
1.3102452929997526
1.3101663099996586
1.3101461090000157
1.309872974999962
1.3092283170003611
1.308616769999844
1.3082650279998234
1.3081871340000362
1.307346107999365
1.3065269349999653
1.304852091999237
1.304516328000318
1.3039950319998752
1.303696897000009
1.300647817999561
1.3004542969997601
1.2997226070001489
1.2993193029999475
1.298595471000226
1.2979463409992604
1.2978797350006062
1.2968290369999522
1.296471169999677
1.296257904000413
1.296150647000104
1.295848924999973
1.294472107000047
1.2931006710000474
1.2914609399995243
1.2911838939999143
1.2911640889997216
1.2888540390001708
1.2873357190001116
1.2870994639997662
1.2868187639996904
1.2866390109998065
1.2854486989999714
1.285092330000225
1.283845263999865
1.283795382000335
1.2829245389998505
1.28257037900039
1.2817015740001807
1.2815898589997232
1.2807916589999877
1.2744992800003274
1.273892770999737
1.273292164999475
1.2730222469999717
1.2708882759998232
1.265272872999958
1.2632028919997538
1.2631148450000182
1.2627619470003992
1.26268472799984
1.2622357090003788
1.2611856690000423
1.259240251999472
1.2592048799997428
1.2571948059999158
1.2563922929994078
1.2553770629992869
1.2543860659998245
1.2539990100003706
1.2533047060001081
1.2529285619998518
1.2510600219993648
1.2480799939999088
1.2479662380001173
1.2479138399994554
1.2467861739996806
1.246267165000063
1.2454975800001193
1.2444129249997786
1.2442262139993545
1.23981269099977
1.2380443960000775
1.237576898000043
1.2360505020001256
1.2353952789999312
1.23437942999999
1.2310949869997785
1.2302713899998707
1.2294440840000789
1.2261279679996733
1.2259133510001448
1.2226012629998877
1.2224191770001198
1.2223288659997706
1.2212371000005078
1.2211546759999692
1.2203645879999385
1.2190495109998665
1.218437468999582
1.2184014760000537
1.2167534610002804
1.2163995609998892
1.215110330999778
1.2143491599999834
1.2139180170006512
1.2136180999996213
1.2127905410002313
1.2114779649996308
1.2112561490002918
1.2112321939998765
1.2112258289998863
1.2111023279999245
1.2106956969992098
1.2101043319999008
1.2088156199997684
1.2087768629999118
1.2087466249995487
1.2085372550000102
1.2081796569996186
1.2079507929997817
1.20608816999993
1.2035284050002701
1.2034008169998742
1.2025600780007153
1.2022110360003353
1.202178291000564
1.2020880169998236
1.2019255929999417
1.2017639190007685
1.200913980000223
1.2008777999999438
1.2005793489997814
1.2000893730000826
1.199429180000152
1.1983021789992563
1.1980508669998926
1.1979893459997584
1.1974252299996806
1.1966206890001558
1.1955422689998159
1.1953593409998575
1.1951556340000025
1.1950882989999627
1.1947636029999558
1.1943308110003272
1.194174928999928
1.1934363779996602
1.193154143999891
1.1930922159999682
1.1925639860000956
1.1925370630001453
1.1920562410000457
1.1919896209997205
1.191975499000364
1.191787697000109
1.1915509809996365
1.1910655510000652
1.1907237550003629
1.1905547200003639
1.1902954240003965
1.1892571630005477
1.1891094239999802
1.1886723760007953
1.188611953999498
1.188180346000081
1.1880998950000503
1.1874894570000833
1.1866124489997674
1.1855089959999532
1.1852728919993751
1.1851091270000325
1.1847359919993323
1.1846343309998701
1.183680172000095
1.182936138000514
1.1826405100000557
1.1823823669997182
1.1820371349999732
1.181772798000111
1.1813787559995035
1.1811785720001353
1.1808219449994795
1.1807674990000123
1.1802811039997323
1.1795576369995615
1.1793279180001264
1.1790374809997957
1.1788123419996737
1.1788099740001599
1.1788084350000645
1.1782931090001512
1.1780844949998936
1.1777102989999548
1.1764530699997522
1.1764142329993774
1.1761287629997241
1.1758532809999451
1.1754600599997502
1.175451910999982
1.175251894000212
1.174848306000058
1.1747114079998937
1.1745418040000004
1.1743168910002169
1.1740608170002815
1.1737382370001797
1.1734874750000017
1.1732864000000518
1.1726950189995478
1.1724153889999798
1.172146963999694
1.171886576000361
1.171810373000426
1.1716705329999968
1.1715719930000432
1.1715596440003537
1.1714283180008351
1.1712708479999492
1.1711136489998353
1.1710338860002594
1.170626476000507
1.1705461060000744
1.1702330600001005
1.1701480520005134
1.1700936010001897
1.170046627999909
1.1698341960000107
1.1697016640000584
1.1696144059997096
1.1694964519997484
1.1694551890004732
1.1694072380000762
1.1687891020001189
1.1685531680004715
1.168347346999326
1.1675154479999037
1.1674750069996662
1.167037555999741
1.1666633990002993
1.1665379280002526
1.1660353450006369
1.165983416999552
1.1655459460007478
1.1637512679999418
1.1605987170000844
1.1593756509996638
1.0297889000003124
0.9571656540001641
0.9264203329994416
0.924580922000132
0.9231356809998488
0.9212023599998247
0.9152325169998221
0.8960058860000117
0.883316434000335
0.87708795799972
0.8757289040004252
0.8731995560001451
0.8671605239997007
0.8547256719998586
0.8486042510003244
0.8448537949998354
0.8427223470007448
0.8410833560001265
0.838244861000021
0.8294299550007054
0.8285010049999073
0.8240105489999223
0.8218875410002511
0.8128270649999649
0.811545586000193
0.8109299080006167
0.8060476049995486
0.8046408069999416
0.8021340450000025
0.801433516000543
0.7972381110002971
0.794620713999393
0.7930258039998535
0.7929734600002121
0.7918865799997548
0.7892087869995521
0.7888195730001826
0.7883374990005905
0.7882498559997657
0.7845861549994879
0.7842790650001916
0.7838472339999498
0.7827546309999889
0.7820847089997187
0.781917999000143
0.7817872289997467
0.7815416200000982
0.7814117030002308
0.7813757849999092
0.7800003629999992
0.7795314160002818
0.7793153009997695
0.7780368159997124
0.777761504999944
0.7777289100004054
0.7740777629996956
0.7738929279998956
0.7726715389999299
0.7725845690001734
0.7723035109993361
0.7722992890003297
0.7720163750000211
0.7719305460004762
0.7718459349998739
0.7715626330000305
0.7714674349999768
0.7710974130000068
0.7709613659999377
0.77081591499973
0.7704664589991808
0.7693049400004384
0.7692642490001163
0.7692580900002213
0.7691070020000552
0.768254350999996
0.7682041480002226
0.7681854279999243
0.7679099649994896
0.7671793449999313
0.7670737429998553
0.7670032579999315
0.766853152999829
0.7663833070000692
0.766310481999426
0.7662137879997317
0.765866355000071
0.7657251869995889
0.7656798039997739
0.7649318480002876
0.7643059709998852
0.7642785379994166
0.7642511929998363
0.7638833370001521
0.7637454910000088
0.7636989069997071
0.7636952740003835
0.7635624129998178
0.7635582299999442
0.7633839909995004
0.7633811559999231
0.7632955449998917
0.7632150380004532
0.7631785950002268
0.7630949949998467
0.7629444490003152
0.7627416119998998
0.7625622390005447
0.7624700010001106
0.762279607000437
0.7622784059994956
0.7621516170001996
0.7616221600001154
0.7614393559999826
0.7614336790002199
0.7612995659992521
0.7612544970006638
0.760915384999862
0.760883830000239
0.7608797570001116
0.7608699749998777
0.7608675719998246
0.7608162510000511
0.7606773769998654
0.7605524770001466
0.7604092229994421
0.7603340600003321
0.760306713999853
0.7602242240000123
0.7601996189996498
0.7600348809992283
0.7599006410000584
0.7597814759992616
0.759598958999959
0.7595926349995352
0.7594749999998385
0.7591682299998865
0.7591590299998643
0.7591238200002408
0.7587274170000455
0.7587264789999608
0.7585552250002365
0.7585241120000319
0.7582062650008083
0.7576670319999721
0.7572655260000829
0.7569211240006553
0.7568217069992897
0.7566689339992081
0.7565060100005212
0.7563839540002846
0.7562683650003237
0.7560812620004072
0.7560811849998572
0.7560289220000413
0.7559018430001743
0.7557794220001597
0.7556850699993447
0.7555963289996726
0.7553331290000642
0.7553021880003143
0.7552501520003716
0.7551238390001345
0.7547889500001475
0.7547831859997132
0.7545965900008014
0.754257700999915
0.7541535970003679
0.7540637909996804
0.7535184060006941
0.7535129220004819
0.753483567999865
0.7534790730005625
0.753208547000213
0.7531428290003532
0.7531266020000658
0.7529903310000918
0.7529356380000536
0.7526457239996489
0.7525910889999068
0.7522971739999775
0.7520339940001577
0.751918117999594
0.7519176069999958
0.7517123310003626
0.7516902760007724
0.7516332410004907
0.7516028700001698
0.7512384219999149
0.7512338769997768
0.7509985650003728
0.7508362260000467
0.7507428700000673
0.7506441840005209
0.7506351550000545
0.7504745490005007
0.7504227300005368
0.7503233529996578
0.7503117179999208
0.75012192199938
0.750045936999868
0.74992787400015
0.7498943859995961
0.7496834179996767
0.7496251790003043
0.7495789479999075
0.7495251810000809
0.7493053790003614
0.7492409300002691
0.7491163990007408
0.7487444110001888
0.748608313999739
0.7484071829999266
0.7482957279999027
0.747647866999614
0.747389820999615
0.7471649630001593
0.7471063889997822
0.7469682729997658
0.7467156289994819
0.7467013020000195
0.7466118849997656
0.7465761630000998
0.7465277800001786
0.7462989289997495
0.7462766519993238
0.746114929000214
0.7457399329996406
0.7454334410003867
0.7454073259996221
0.744965011000204
0.744660076999935
0.744538767999984
0.7440906410001844
0.7437352540000575
0.7435795880001024
0.7435075050002524
0.7434361209998315
0.7432277869993413
0.7429878440007087
0.7419596419995287
0.7417691719992945
0.7416757239998333
0.7410872140003448
0.7409475049998946
0.7405826390004222
0.7403757709998899
0.7395028439996167
0.7390420749998157
0.7384548740001264
0.738277005999862
0.7375284290001218
0.7373036779999893
0.7372539660000257
0.7368360190002932
0.7366898390000642
0.7366783419997773
0.7365231450003193
0.7365108399999372
0.7363948980000714
0.7358211869996012
0.7356834969996271
0.7355932329992356
0.7354012200003126
0.7353637249998428
0.7351232139999411
0.734628593999787
0.734375142999852
0.7336227509999844
0.7335679279999567
0.7333075569999892
0.7332852649997221
0.7321931599999516
0.7321538000001055
0.731830010000067
0.7318191780004781
0.7317163070001698
0.7316802430004827
0.7315858590000062
0.7310018250000212
0.7297565740000209
0.72971669799972
0.7294264210004258
0.7294057009994503
0.7289547610002955
0.7286634290003349
0.7284295729996302
0.7280963440007326
0.7278242889997273
0.7271775929998512
0.72665654299999
0.726595979999729
0.7264004950002345
0.7260061349998068
0.7251960230000805
0.725193623999985
0.7249352810003984
0.7247929630002545
0.7247588509999332
0.72406074599985
0.7237896289998389
0.7227371280005173
0.7225753360003182
0.7207383740001205
0.7205854109997745
0.7205599369999618
0.7204394660002436
0.7204058090001126
0.719718986999851
0.7191902550002851
0.71846451600004
0.717315865999808
0.7172141289997853
0.716540600999906
0.7159295910000765
0.7158673980002277
0.7158667209996565
0.7153703409999252
0.7151678529999117
0.7151201619999483
0.7141564310004469
0.7134048640000401
0.7128830629999356
0.712680019999425
0.7126335530001597
0.7115293090000705
0.7113564500000393
0.7107153630004177
0.7106252529993071
0.7099575239999467
0.7094510789997912
0.7094441939998433
0.7092626449998534
0.7084494229998199
0.7084325129999343
0.7083226200002173
0.7082321870002488
0.7082211919996553
0.7081771539997135
0.707202471000528
0.7071371900001395
0.7070393109997894
0.7070171640002627
0.7066935740003828
0.7066568079999342
0.7066400869998688
0.7066390639997735
0.7065993650003293
0.7062202859997342
0.7060799419996329
0.7060633930004769
0.7060512059997563
0.7054360969996196
0.7053901720000795
0.7053492770000958
0.7049126230003822
0.7047185080000418
0.704419180000059
0.7042399339998155
0.7040587169999526
0.7037240320000819
0.7034533549999651
0.702955225999176
0.7029262129999552
0.7027936979993683
0.7024602700003015
0.7022356000006766
0.7019324839998262
0.7018859429999793
0.7016264359999695
0.7013664429996425
0.7010958160008158
0.70103802299991
0.6996183680003014
0.6992649820003862
0.6990314499998931
0.6984393090006051
0.698362533999898
0.6981414940000832
0.698098840000057
0.6976257620008255
0.6974984810003662
0.697376322999844
0.6969182679999903
0.6964639000002535
0.6963444550001441
0.6961738559998594
0.6959893559996999
0.6959664020000673
0.6957871770000565
0.6957592310000109
0.6956990869994115
0.6955976369999917
0.6954781550002735
0.6954628879998381
0.6953957790001368
0.6952993419999984
0.6947248950000358
0.694634699000062
0.6943472829998427
0.6942419100000734
0.6942118819997631
0.6937712039998587
0.6933915139998135
0.6932849360000546
0.6930570429999534
0.6930324300001303
0.6928272859995559
0.6922173319999274
0.6922153389996311
0.6913446919998023
0.691011742000228
0.6909577989999889
0.6905674500003443
0.6905150949996823
0.6896841220000169
0.6896120150004208
0.6890309889995478
0.6887762589994963
0.6886976710002273
0.6886520930002007
0.6880203830005485
0.6877004289999604
0.6876561019998917
0.6868691580002633
0.6866516030004277
0.6865751810000802
0.6862088429998039
0.6860898300001281
0.6860082610000973
0.6858833340002093
0.6857390880004459
0.685434645999976
0.6850517220000256
0.6848930890000702
0.6844793730006131
0.6844406889995298
0.6843055649997041
0.6839617610003188
0.6837828819998322
0.6833174119997238
0.6829821569999694
0.6828398839998044
0.6827836490001573
0.6827129149996836
0.6824024799998369
0.6817568500000561
0.6811465549999411
0.681001427999945
0.680936212999768
0.6807708119999916
0.6798941429997285
0.6798241110000163
0.679809743000078
0.6797187519996442
0.6793905869999435
0.678872661999776
0.6783966689999943
0.6782692360002329
0.6782151520001207
0.678097957999853
0.6779871169992475
0.6777282350003588
0.6777148909995958
0.6774321729999428
0.6774122130000251
0.6773618009992788
0.677232322999771
0.6771076979998725
0.6768731819993263
0.6768620130001182
0.6764901310002642
0.6761576899998545
0.6760205099999439
0.6759179130003758
0.6757209900006274
0.6754927970000608
0.6754267660007827
0.675408640000569
0.6754008220004835
0.6751283530002183
0.6750251729999945
0.6749511220000386
0.67411650700069
0.6740387180002472
0.6738855269995838
0.6736220839998168
0.6735142409997934
0.673364173999289
0.6733629409995956
0.6732946339998307
0.6732486279997829
0.6731706040000063
0.6728894879997824
0.6727870710001298
0.672602999999981
0.6724039700000048
0.6720534349997251
0.6719955619996654
0.6719117120001101
0.6716667050000069
0.6716086899996299
0.6714829880002071
0.6713483889998315
0.6707386139996743
0.6707150279999041
0.6706485969998539
0.6702972229995794
0.6698812710001221
0.6697532319999482
0.6695526250000512
0.6695151329995497
0.6695122359997185
0.6694879439996839
0.6691361590001179
0.6690997720006635
0.668906748000154
0.6685223719996429
0.6682818870003757
0.6682636989999082
0.6682519189998857
0.6681095829999322
0.6680800770000133
0.6679144750000887
0.6678962249998222
0.6678173620002781
0.6677525239997522
0.6676989550001053
0.6673600149997583
0.6673418640002637
0.6673317300001145
0.6673167349999858
0.6671876010000233
0.6670270420004272
0.6668620349996672
0.6667616490003638
0.6666606140006479
0.666649894999864
0.6666225949998079
0.6663150869999299
0.6659322919995248
0.6658981129994572
0.6657986500003972
0.6657519109999157
0.6657417779997559
0.6656980850002583
0.6656726170003822
0.6656690509998953
0.6655866049995893
0.6655176509998455
0.6653484469998148
0.6652002390001144
0.6651983020001353
0.6651173499999459
0.6650871680003547
0.6650518149999698
0.6647641999998086
0.6647636670004431
0.6646920150001279
0.6645663659992351
0.6643622340006914
0.6642000900001221
0.6640865569997914
0.6640546300004644
0.663936374000059
0.6637828909997552
0.6636796669999967
0.6636214140003176
0.6635133589998077
0.6632589499999995
0.6632496430001993
0.6631606130004002
0.663083252999968
0.6628365310002664
0.6627844059999006
0.6624509919997763
0.6624126080005226
0.6623465889997533
0.6623101390000556
0.6622952620000433
0.6620590780003113
0.6618195740002193
0.6615506859998277
0.6615469850003137
0.66116343900012
0.6611469680001392
0.6611064779999651
0.6610770070001308
0.6610769020003318
0.6610419860003276
0.6610137599991504
0.6609430900000461
0.6607786609993127
0.6607425599995622
0.6607316790004916
0.6606294550001621
0.6606286160003947
0.6605862599999455
0.6605427620002047
0.6604804010003136
0.6604688699999315
0.6604515199996968
0.6604024210000716
0.6602813310000784
0.6601738429999386
0.6601234990002922
0.65996766499984
0.659909338000034
0.659887757999968
0.6598776999999245
0.6598772669995014
0.659804086999884
0.6597874420003791
0.6597078380000312
0.6596317220000856
0.6596161859997665
0.6596125310006755
0.6595971509996161
0.6595450329996311
0.6595095889997538
0.6595086010001978
0.6593887440003527
0.659384947000035
0.6593172599996251
0.6593146330005766
0.6592383930001233
0.6592004950002774
0.6591644589998396
0.6589793970001665
0.6589314530001502
0.6589049089998298
0.6588588300000993
0.658824975999778
0.6587730829996872
0.6587589840000874
0.6587500229998113
0.658704884999679
0.6586991700005456
0.6586611460002132
0.6586598419999063
0.6584816589993352
0.6584618650003904
0.6584578449997025
0.6583704689992373
0.6583626239998921
0.6583326460004173
0.6583183450002252
0.6583109469997908
0.6583067550000123
0.6582731939997757
0.6582723209999131
0.6582501399998364
0.658247384999413
0.6582056560000638
0.6581364769999709
0.658117965999736
0.65808141800062
0.6580792830000064
0.6580118649999349
0.6579702290000569
0.6579147020001983
0.6578565890004029
0.6578078440002173
0.6577507120000519
0.6577266239992241
0.6576438199999757
0.6575734929997452
0.6575464400002602
0.6574782600000617
0.657460495000123
0.6572934570003781
0.6572059590002937
0.6571754770002372
0.6570253119998597
0.6569624240000849
0.6569116590003432
0.6568883400000232
0.656805611999971
0.6567838209994079
0.6567699880001783
0.6567488840000806
0.6566070239996407
0.6564759500006403
0.6564699169998676
0.6564364470000328
0.6564068540001244
0.6563513609999063
0.6563092300002609
0.6562709260001611
0.6562493230003383
0.6562463230002322
0.6562445919998936
0.6562432689997877
0.6560616999995545
0.6560481999999865
0.6560385999991922
0.6558292810000239
0.655802341999788
0.6556427519999488
0.6555248180002309
0.6555242430004
0.6554682020000655
0.6554583980000643
0.6554435319994809
0.655346794000252
0.6551717970000936
0.6551627469998493
0.6551311299999725
0.6551207720003731
0.6551129360004779
0.6551062090002233
0.6549287779998849
0.6549211450001167
0.6547621869999602
0.6546663419994729
0.6546651299995574
0.654642227000295
0.6546417379995546
0.6546077459997832
0.6545184690003225
0.6544638790001045
0.6544586350000827
0.6544577540003047
0.6544529140001032
0.6544501910002509
0.6544310689996564
0.6543667450000612
0.6543538539999645
0.6541505549998874
0.6541110819998721
0.6541029280001567
0.6539933529998052
0.6539860059997409
0.6538909989999411
0.6538616180000645
0.6538232740003878
0.653821409000102
0.653809631000513
0.653734864999933
0.6537308480001229
0.653709426000205
0.6536809520002862
0.6536069489998226
0.6535556580001867
0.6535376000001634
0.65349280800001
0.6534855449999668
0.6534484149997297
0.6534357709997494
0.6534113910001906
0.6534106569997675
0.653329470999779
0.6533227300001272
0.6533220539995455
0.6533164709999255
0.6532791989993711
0.6532513889997063
0.6532260399999359
0.653181184999994
0.6529744719991868
0.6529425339995214
0.6528481689992987
0.6528036240001711
0.6527915040001062
0.6527563640001972
0.6527408599999944
0.65273716899992
0.6527341809996869
0.6527315329994963
0.6527284320000035
0.6526541140001427
0.6526118360006876
0.6525867799991829
0.6525625649992435
0.6525417459997698
0.6524952420004411
0.6524626220002574
0.6524162409996279
0.6523968219999006
0.6523913159999211
0.6523344649999672
0.6523110929992981
0.6522752019996005
0.6522444900001574
0.6522438109996074
0.6522212300005776
0.6522130170005767
0.6521927960002358
0.6521815989999595
0.6520687180000095
0.6520229789994119
0.6519866280000315
0.6519806520000202
0.6519415120001213
0.6519357930001206
0.6518961150004543
0.6518603900003654
0.6518379549997917
0.6518183750004027
0.651795059000051
0.6516943120000178
0.6516907330001231
0.651667262999581
0.6516306460002852
0.6515863940003328
0.6515680149996115
0.6514792670000134
0.6514719679998962
0.6514396210004634
0.6513787630001389
0.65133980399969
0.6512785549994078
0.6512565089997224
0.6511685420000504
0.6511400609997509
0.6511036289998628
0.6510731650005255
0.6510569070005658
0.6510534770000049
0.6510425460000988
0.650975460999689
0.6509457480005949
0.6508859140003551
0.6508611360004579
0.6508589270001721
0.6508525010003723
0.6508492590000969
0.6508206059997974
0.6508046490007473
0.6507951799999319
0.6507850879997932
0.6507764559996758
0.6507164700005887
0.6507100999997419
0.6506767380001293
0.6506582160000107
0.6506478930000412
0.6506405310001355
0.6506266659998801
0.6505985490002786
0.6505747450000854
0.6505510440001672
0.65051936799955
0.6505173109999305
0.6505059790006271
0.650492605999716
0.6503757820000828
0.6503572020001229
0.6503201880000233
0.6503109459999905
0.6503004559999681
0.6502722049999647
0.6502710989998377
0.6502460869996867
0.6502277580002556
0.6501994840000407
0.6501918630001455
0.6501750620000166
0.650160875000438
0.6501429330000974
0.6501348219999272
0.6501168949998828
0.6501150680005594
0.6500498969999171
0.6500103729995317
0.6499982650002494
0.6499497830000109
0.6499481970004126
0.6499245029999656
0.6499145309999221
0.6498959930004276
0.6498563800000738
0.6497883679999177
0.6496732519999568
0.6495049010000002
0.6494943079997029
0.6494744749998063
0.6494743859993832
0.6494741679998697
0.6494696330000806
0.6494567199997618
0.6493817690000014
0.6493722900004286
0.6493434839994734
0.6493166830005066
0.6492991510003776
0.649257846999717
0.6492534680000972
0.6492457630001809
0.6492320030001792
0.6492309550003483
0.6491776309999295
0.6491143590001229
0.6490890100003526
0.649067936999927
0.6490465169999879
0.6490418480007065
0.6490081379997719
0.6489823500000966
0.6489258549995611
0.6489203199998883
0.6488839409994398
0.6488613439996698
0.6488497909995203
0.6487988660001065
0.6487751290001142
0.6487709010002618
0.6487467769998148
0.648652630000015
0.6485911730001135
0.6485898440005258
0.6485432609997588
0.648493882999901
0.6484906490004505
0.6484712050005328
0.6484549120000338
0.6483197299999119
0.6482970410002054
0.6482697179999377
0.6482664420000219
0.6482659319999584
0.6482309820003138
0.6482221730002493
0.6482199969996145
0.6481905939999706
0.6481888210000761
0.6481839040006889
0.6481744009997783
0.6481303770001432
0.6481303059999846
0.6481208929999411
0.648094090000086
0.648060066000653
0.6480181939996328
0.6480154779997065
0.6480090369996105
0.6479607619999115
0.6479478149999522
0.6478968199999144
0.6478474659998028
0.647828815000139
0.6478265480000118
0.6478145490000315
0.6478125519997775
0.6476693529998556
0.6476348189999044
0.6476175910001984
0.6475604009997369
0.6475187579999329
0.6475049339996986
0.6473721010002009
0.6472935040001175
0.6472691869998926
0.6472431349993713
0.6472328939998988
0.6472321679998458
0.6472189759997491
0.6471987999993871
0.6471934240003065
0.6471483820000685
0.6471435580001526
0.6471290319996115
0.6470708609999747
0.6470093470002212
0.6470039050000196
0.6469958590005263
0.6469848050001019
0.6469704709998041
0.6469613360004587
0.6469572029996016
0.6469265540004017
0.6468728040003953
0.646803982000165
0.6467954279996775
0.6467899960007344
0.6467361869999877
0.6467242980002084
0.6467030090002481
0.6466927279998345
0.6466613599995981
0.6466603200001373
0.6466146860002482
0.6465816120003183
0.6465516530006425
0.6465346550003233
0.6465265760007242
0.6464942089996839
0.6464884520000851
0.6464389699999629
0.6464106419998643
0.646363470000324
0.6463414489999195
0.6463091050000003
0.6462498419996336
0.646247893000691
0.646193074000621
0.6461356720001277
0.6461008470000706
0.646080652999899
0.646073892000004
0.6460595710000234
0.6460585449999598
0.6460098249999646
0.6459972090001429
0.6459314349995111
0.6459148640001331
0.645886421000796
0.6458863540001403
0.6458397599999444
0.6457938150006157
0.6457872170003611
0.6457356840001012
0.6457311730000583
0.6457103600000664
0.6457027659998857
0.6456923420000749
0.6456845420007085
0.6456556889997955
0.6455969119997462
0.6455855589997554
0.645583620999787
0.6455424920000041
0.6455348320000667
0.645474541999647
0.6454564480000045
0.6453987209997649
0.6453886989993407
0.6453760350000266
0.6453260560001581
0.6453192190001573
0.6453130339996278
0.6452908229998684
0.6452829109994127
0.6452347559998088
0.6452278779997869
0.6452003609997519
0.6451872160000676
0.6451837499998874
0.6451686010004778
0.6451629160001175
0.6451147719999426
0.6451039839994337
0.6450999430003321
0.6450829820000763
0.645036175000314
0.6450222929997835
0.6449557289997756
0.6449535090000609
0.6449391719997948
0.6449329930001113
0.6449235420004698
0.6448877120001271
0.6448673039999449
0.6448671719999766
0.6448630849999972
0.6448456019998048
0.6447805289999451
0.6447686909996264
0.6447183479999694
0.6447132870002861
0.6446745749999536
0.6446696149996569
0.6446607019997828
0.6446591310000258
0.6446490389998871
0.6446473140003945
0.6446439069995904
0.6445869930003028
0.6445653680002579
0.6445557150000241
0.644538571999874
0.6445254130003377
0.6444556019996526
0.6444354220002424
0.6444349960002
0.6444095530000595
0.6443914519995815
0.6442950129994642
0.6442868060003093
0.6442476689999239
0.6441669610003373
0.6441582350003046
0.6441581230001248
0.6441519560003144
0.6440931239999372
0.6440584379997745
0.6440194450005947
0.644010566000361
0.6439992079995136
0.6439861070002735
0.6439574149999316
0.6438942900003894
0.6438624409997828
0.6438530469999932
0.6438425579999603
0.6438393500002348
0.6437577330002568
0.6436305590004849
0.6435763879999286
0.6435198829999536
0.6435170289996677
0.643491465000352
0.6434835629997906
0.6434825370001818
0.6434625780002534
0.643456041000718
0.6434458280000399
0.6434344960007365
0.6434220109999842
0.6434024169993791
0.6433967210000446
0.643389749000562
0.643383100000392
0.6433219760001521
0.6433206070000779
0.643296649000149
0.6432032940001591
0.6431890609992479
0.6431819330000508
0.6430910439994477
0.6430871860002298
0.6430117439999776
0.6430116820001786
0.6429847549998158
0.6429717529999834
0.6429559899997912
0.6429095870003039
0.6428966339999533
0.64286297200033
0.6428558410002552
0.6427885650000462
0.6427545440001268
0.6427259969996157
0.6426952100000562
0.6426824109998961
0.6426761580000857
0.6426621659998091
0.642653547000009
0.6426304270003129
0.6426168879997931
0.642616414999793
0.6425807370001166
0.642519436999919
0.6424984119994406
0.6424728130000403
0.6424552100002074
0.6424299900004371
0.6424271999994744
0.6424199369994312
0.642411083999832
0.642316708999715
0.6422844019998593
0.6422776199997315
0.6422543399999086
0.6421720130001631
0.6421423790002336
0.6421067820001554
0.64209774200026
0.6420894709999629
0.6420808580005541
0.6420625189998646
0.6419950740000786
0.6419596850000744
0.6419518760003484
0.6418698150000637
0.6418265410002277
0.6417874350008788
0.641775478999989
0.6417640020004001
0.6417197559999295
0.6416932880001696
0.6416592780001338
0.6416345980001097
0.6416323370003738
0.6415917600002103
0.6415819250000823
0.6415065559995128
0.6414552370006277
0.6414405440000337
0.6414062539997758
0.6413397989999794
0.6413280260003376
0.6412849379994441
0.6412358870002208
0.6412179389999437
0.6412167299995417
0.6412027549999948
0.641190846000427
0.641188749000321
0.6411526279998725
0.6411306809995949
0.6411237460006305
0.641046708000431
0.6409871409996413
0.6409706710001046
0.6409397180000269
0.6409324850001212
0.6408940199999051
0.6408606820004934
0.6408226110002033
0.6407960959995762
0.6407780009999442
0.6407295479998538
0.6407081180004752
0.6406043719998706
0.6405944999996791
0.6405942999999752
0.640576346000671
0.6405212780000511
0.6405188850003469
0.6405165720002515
0.6405108039998595
0.6404873480000788
0.6404802100005327
0.6404098269999849
0.6403977830000258
0.6403698579997581
0.6403615049998734
0.6403120360000685
0.6402418859997852
0.6401484660000278
0.6401094989996636
0.6400708689998282
0.6400350819999403
0.6399668779999956
0.6399661159994139
0.6399155810004231
0.639911555000026
0.6399035829999775
0.6399004670001887
0.6398843659999329
0.6398438800006261
0.6398135260001254
0.6398077169997123
0.639788430000408
0.6397783070001424
0.639777862000301
0.6397699749995809
0.6397620729994742
0.6397576910003409
0.6397395019994292
0.6397240350006541
0.6397143249996589
0.6397075380000388
0.6396725049999077
0.63966644500033
0.6396615660000862
0.6396407430002
0.6396382089997132
0.6396003460004067
0.6395434719997866
0.6395385959999658
0.6395350749999125
0.6395347679999759
0.63952283000026
0.6394845860004352
0.6394126300001517
0.6394007389999388
0.639389468000445
0.6393821349993232
0.6393563410001661
0.6393294089998562
0.6391793630000393
0.6391649759998472
0.6391311059996951
0.6391262059996734
0.6391194289999476
0.6390996119998817
0.6390921699994578
0.6390893960001449
0.6390868829998908
0.6390778909999426
0.6390740569995614
0.6390500320003412
0.6390103210005691
0.6389774740000576
0.6389537109998855
0.6389452499997788
0.6389203839999027
0.6388836649998666
0.6388796830001411
0.6388785090002784
0.6387532480002847
0.6386521350004841
0.6386307110001326
0.6386247619998358
0.638616096000078
0.6385950310000226
0.6385858859998734
0.6385777949999465
0.638553451000007
0.6385434240000905
0.638535574999878
0.6385315380002794
0.6385186080001404
0.6385011520001171
0.638496301000032
0.6384862230006547
0.6384722180000608
0.6384579769999164
0.6384144560001914
0.6384004659994389
0.6383871130001353
0.6383556809996662
0.6383516899995811
0.6382906960002401
0.6382749009999316
0.6382398200000807
0.6382164699998611
0.6382086670000717
0.638128646000041
0.6381194560003678
0.6380990699999529
0.6380913920002058
0.6379712659995675
0.6379587499995978
0.6379585599997881
0.6379350440001872
0.6379227589995935
0.6378974630001721
0.6378578889998607
0.63782612399973
0.6378125810006168
0.6377826119996826
0.6377824630003488
0.6377698450005482
0.6376962810004443
0.6376922319996083
0.6376757640000505
0.6376614680002604
0.6376533820002805
0.6375723349997315
0.6375151490001372
0.6375077049997344
0.6374915320000127
0.6374891919995207
0.6374890040001446
0.6374860949999857
0.6374655680001524
0.6374453779999385
0.6373981649999223
0.6373859899995296
0.637382740999783
0.637363022000045
0.6372795719998976
0.6372280549999232
0.6372279719998915
0.6372110239999529
0.637168481000117
0.6371653969999898
0.6371607620003488
0.6371392119999655
0.6371068429998559
0.6370675650005069
0.6370444400004089
0.63689966200036
0.6368746899997859
0.6368733110002722
0.6368596859992977
0.6368346350000138
0.6367703719997735
0.6367392970000765
0.6366877700002078
0.6365691699998024
0.636534168000253
0.6365299709996179
0.6365246870000192
0.6365115349999542
0.6365042990000802
0.6364904460006073
0.6364711480000551
0.636461622000752
0.6364410320002207
0.6364285409999866
0.6364136779998262
0.6363668710000638
0.6363508389999879
0.6363418750006531
0.6363362359998064
0.636287058000562
0.6362851439998849
0.6362675689997559
0.6362544819994582
0.6362118729998656
0.6361936979999427
0.6361918140000853
0.6361602619999758
0.6361536050003451
0.6361493970002812
0.6360490369997933
0.6360310939999181
0.6360029080001368
0.6360002540004643
0.6359884180001245
0.6359700560001329
0.6359332769998218
0.6359083770003053
0.6358551710000029
0.6358526459998757
0.6358468920000178
0.6358422769999379
0.635809110000082
0.6357090739998057
0.635700208000344
0.6356977839996034
0.6356819180000457
0.6356705469997905
0.6356664029999592
0.6356539179996616
0.6356363410000085
0.635569523000413
0.6355693939995035
0.6354870719997052
0.6354859980001493
0.6354770650000319
0.6353745070000514
0.6353691300000719
0.6353599549993305
0.6353593539997746
0.6353295930002787
0.635315872999854
0.6353037889998632
0.6352885390001575
0.6352727429998595
0.6352221390006889
0.6351575369999409
0.6351243379999687
0.6351231939997888
0.6350738330002059
0.6350737530001425
0.6350617299995065
0.6350409070000751
0.6350325129997145
0.635030796999672
0.6349646809999285
0.6349600359999386
0.6349479810000958
0.6349476360001063
0.6349443650001376
0.6349424390000422
0.6349282179999136
0.6349207690000185
0.6348952440002904
0.6348848819998238
0.6348739220002244
0.6348558640002011
0.6348446679999142
0.63480949399991
0.6348019780002687
0.6347813419999966
0.6347531789997447
0.6347127469998668
0.634708565999972
0.6346871400000964
0.6345932940002967
0.6345812640001895
0.634561721999944
0.6345490150006299
0.6345395420003115
0.6345113420002235
0.634509701999832
0.6344924470004116
0.6344034230000943
0.6343708120002702
0.6343259089999265
0.6343046330002835
0.6342743879999944
0.6342673200001627
0.6342440770004032
0.6342227410000305
0.634191195999847
0.6341869380003118
0.6341864760006501
0.634178921000057
0.6341557010000543
0.6341229249997014
0.6341081150003447
0.6340901909998138
0.6340699579995999
0.6339440109995849
0.633934097000747
0.633933400999922
0.63388546600072
0.6338622749999558
0.6338609619997442
0.6336955020001369
0.6336563539998679
0.6336543319998782
0.6336168460002227
0.6335958750005375
0.6335528589997921
0.6335188190000736
0.6334548459999496
0.633378300000004
0.6333592119999594
0.633323842000209
0.6332861360001516
0.6332547590000104
0.6332110769999417
0.6331684339993444
0.633118923999973
0.6330922779998218
0.6330575209999552
0.6330285009998988
0.6329107949995887
0.6328729629999543
0.6327200699997775
0.6326092030003565
0.6324491210002634
0.6323765849997471
0.6323723120003706
0.6323597880000307
0.6323471969999446
0.6323423140001978
0.6320966789999147
0.6319858860001659
0.6318739680000363
0.6317929409997305
0.6317425880001792
0.631735488999766
0.6317195980000179
0.6316867860005004
0.6316710659993987
0.6316658180003287
0.6316595839998627
0.6316064560000996
0.6314757840000311
0.6313810470001044
0.6313793680001254
0.6312983409998196
0.6312969950004117
0.6310908619998372
0.6310248540003158
0.6310227619997022
0.6308359089998703
0.6305796409997129
0.6301514799997676
