2.429971502000626
2.4040694470004382
2.3254807430002984
2.3253386110000065
2.2837821480006824
2.2798039299996162
2.263937125000666
2.250885986999492
0.4461023660005594
0.44609913600015716
0.44551161199979106
0.44188806700003624
0.441124076000051
0.43925464099993405
0.4391481289994772
0.4341375789999802
0.43372850899959303
0.43238863200076594
0.4309678030003852
0.430521081999359
0.4292675110000346
0.4283712340002239
0.42718041300031473
0.42667322999932367
0.4256492190006611
0.4244151259999853
0.4233710919997975
0.42232716199941933
0.42122718400059966
0.42025286899934144
0.4200012979999883
0.41690581399961957
