3.9947295909996683
3.7481173339992893
3.6717341089997717
3.651788934999786
3.625623027000074
3.619672902000275
3.6120503190004456
3.595101113000055
3.562084538999443
3.5601377299999513
3.5591138700001466
3.5417721220001113
3.534672619000048
3.5327240509996045
3.5187116560000504
3.518305161000171
3.504396459000418
3.502071375000014
3.500307055000121
3.4995847149994006
3.4934112680002727
3.4882519580005464
3.4844045890004054
3.483791874000417
3.4763670890006324
3.4760967539996273
3.475226530999862
3.474496877999627
3.471643869000218
3.4712154050002937
3.470717526000044
3.470589524999923
3.4697570810003526
3.468196732999786
3.4678177959995082
3.4656487450001805
3.4653069710002455
3.4643225889994937
3.459915789000661
3.448829712000588
3.4483379599996624
3.4469511950001106
3.4462274999996225
3.4461640990002707
3.444583782999871
3.4431187949994637
3.442374479999671
3.4420078630000717
3.4410469530002956
3.4369004049995056
3.4289624820003155
3.4285048390001975
3.4276045890001114
3.4271456870001202
3.4269082310001977
3.426251930000035
3.423719350000283
3.4211351960002503
3.419967837000513
3.418909514999541
3.416908936999789
3.4161524479995933
3.413412786999288
3.4116950890002045
0.6146359800004575
0.6048759629993583
0.601551241999914
0.5973977880003076
0.5971527479996439
0.5741901709998274
0.5497473879995596
0.5420947049997267
0.5077394380004989
0.5036395920005816
0.5020145580001554
0.5014036869997653
0.5003854599999613
0.4995313769995846
0.4988215459998173
0.4972645679999914
0.4970156080007655
0.4962675789993227
0.4938401059998796
0.493470127999899
0.49282974200013996
0.49077614399993763
0.4907168879999517
0.4906941740000548
0.4904896070001996
0.49041969100017013
0.49034764199950587
0.48665205799989053
0.48568214399983844
0.4853553720004129
0.484252395999647
0.4836580559995127
0.48317459400004736
0.4831558949999817
0.4830892849995507
0.4823782619996564
0.482184378999591
0.4821811940000771
0.48193835300025967
0.48183279299973947
0.4815849079996042
0.4814144660003876
0.4812551569993957
0.4811433240001861
0.4811404490001223
0.4810621249998803
0.4810019340002327
0.48099414500029525
0.4809054229999674
0.4808726880000904
0.480800256999828
0.48078670900031284
0.48071803099992394
0.48039391200018144
0.47985345300003246
0.47984240999994654
0.4796874439998646
0.4789321030002611
0.47867085299913015
0.47866084999986924
0.478585120000389
0.4782076479996249
0.47809694399984437
0.477484275000279
