0.9580289562204904
11.763853755896989
12.986611932646005
0.8603813367656821
0.9758832419502584
10.788285884339455
12.67892616156794
11.470446673300867
12.219973742084797
12.25150152917505
12.993555067075896
0.9656327191758207
0.8298603837974884
10.562239341390283
13.108938829184497
13.370228087525483
13.17399724938322
11.401321817565625
13.373212237003784
13.310424335338407
13.050844180995716
10.956817261322715
13.123728188064405
12.86558244399261
13.396039515510637
13.411596767406497
13.3178651316099
13.410692182117081
13.249698087099029
13.079133769875416
10.405151507274399
13.19177284546248
10.957173978463867
11.013791216918522
13.363895673782283
12.908147957793444
11.293381530690665
13.467083238836153
13.405273500916637
13.405474243435398
13.41979444567211
0.9692139322129244
13.401756857268973
13.42770955582538
10.59650472952919
13.356485291887125
13.43743628518185
11.935002453548755
13.323181604087283
13.473604829288547
13.493150671102294
13.416072906737831
10.550519233751656
13.489899669407816
13.440525828879556
13.49935387709385
13.490971322457174
11.199205431920513
9.95056602190488
10.534392667063306
10.40473088124869
10.427548836783014
13.235719533953011
11.277575566188737
13.230868274059269
10.830732745807738
10.481654460238792
13.184553600709718
12.93216213233963
11.549305971798546
11.461504197943743
13.229696558031563
13.205027185602292
13.150242642235517
13.19369184092118
13.302815527484913
10.960136162686403
