1.0438097862355737
8.50061570596047e-2
7.700237792477498e-2
1.1622753275415851
1.0247127494489456
9.269313130194529e-2
7.887103270868287e-2
8.718056310114282e-2
8.183323639690525e-2
8.16226482622277e-2
7.696123153653919e-2
1.0355904270243785
1.205021976617251
9.467689262458734e-2
7.628382533708182e-2
7.479303968890456e-2
7.590710557092442e-2
8.770912846783557e-2
7.477635008535885e-2
7.512908490415725e-2
7.66233958609492e-2
9.126737958202281e-2
7.619785975981024e-2
7.772675697763959e-2
7.464892880034786e-2
7.456233715811139e-2
7.508710969196587e-2
7.45673665773555e-2
7.547341784139824e-2
7.645766283874665e-2
9.610624115380588e-2
7.580482257500104e-2
9.126440831965271e-2
9.079525662915042e-2
7.482847998894752e-2
7.747044760175982e-2
8.854743792038021e-2
7.425512876583523e-2
7.459750820687255e-2
7.45963911339948e-2
7.451678966085061e-2
1.0317639550607618
7.461708271909219e-2
7.4472864924768e-2
9.437074068520995e-2
7.48699959717255e-2
7.441895751370009e-2
8.378716333674988e-2
7.505714698756491e-2
7.421918726800031e-2
7.411167520286106e-2
7.45374601756807e-2
9.478206501922185e-2
7.412953576428626e-2
7.44018509939029e-2
7.407761949976237e-2
7.4123647297018e-2
8.929204898320305e-2
0.10049679563942691
9.4927162068544e-2
9.611012638512263e-2
9.58998145827441e-2
7.555312708423172e-2
8.867154062776549e-2
7.558082956359123e-2
9.232985648058492e-2
9.5404785932737e-2
7.584632974954651e-2
7.732659007570641e-2
8.65852894054267e-2
8.724858297215522e-2
7.558752353945065e-2
7.572873466631862e-2
7.604422421744773e-2
7.579379691879937e-2
7.51720564668361e-2
9.123974238609216e-2
