1 1.0438097862355737 10100 
2 8.50061570596047e-2 10100 
3 7.700237792477498e-2 10100 
4 1.1622753275415851 10100 
5 1.0247127494489456 10100 
6 9.269313130194529e-2 10100 
7 7.887103270868287e-2 10100 
8 8.718056310114282e-2 10100 
9 8.183323639690525e-2 10100 
10 8.16226482622277e-2 10100 
11 7.696123153653919e-2 10100 
12 1.0355904270243785 10100 
13 1.205021976617251 10100 
14 9.467689262458734e-2 10100 
15 7.628382533708182e-2 10100 
16 7.479303968890456e-2 10100 
17 7.590710557092442e-2 10100 
18 8.770912846783557e-2 10100 
19 7.477635008535885e-2 10100 
20 7.512908490415725e-2 10100 
21 7.66233958609492e-2 10100 
22 9.126737958202281e-2 10100 
23 7.619785975981024e-2 10100 
24 7.772675697763959e-2 10100 
25 7.464892880034786e-2 10100 
26 7.456233715811139e-2 10100 
27 7.508710969196587e-2 10100 
28 7.45673665773555e-2 10100 
29 7.547341784139824e-2 10100 
30 7.645766283874665e-2 10100 
31 9.610624115380588e-2 10100 
32 7.580482257500104e-2 10100 
33 9.126440831965271e-2 10100 
34 9.079525662915042e-2 10100 
35 7.482847998894752e-2 10100 
36 7.747044760175982e-2 10100 
37 8.854743792038021e-2 10100 
38 7.425512876583523e-2 10100 
39 7.459750820687255e-2 10100 
40 7.45963911339948e-2 10100 
41 7.451678966085061e-2 10100 
42 1.0317639550607618 10100 
43 7.461708271909219e-2 10100 
44 7.4472864924768e-2 10100 
45 9.437074068520995e-2 10100 
46 7.48699959717255e-2 10100 
47 7.441895751370009e-2 10100 
48 8.378716333674988e-2 10100 
49 7.505714698756491e-2 10100 
50 7.421918726800031e-2 10100 
51 7.411167520286106e-2 10100 
52 7.45374601756807e-2 10100 
53 9.478206501922185e-2 10100 
54 7.412953576428626e-2 10100 
55 7.44018509939029e-2 10100 
56 7.407761949976237e-2 10100 
57 7.4123647297018e-2 10100 
58 8.929204898320305e-2 10100 
59 0.10049679563942691 10100 
60 9.4927162068544e-2 10100 
61 9.611012638512263e-2 10100 
62 9.58998145827441e-2 10100 
63 7.555312708423172e-2 10100 
64 8.867154062776549e-2 10100 
65 7.558082956359123e-2 10100 
66 9.232985648058492e-2 10100 
67 9.5404785932737e-2 10100 
68 7.584632974954651e-2 10100 
69 7.732659007570641e-2 10100 
70 8.65852894054267e-2 10100 
71 8.724858297215522e-2 10100 
72 7.558752353945065e-2 10100 
73 7.572873466631862e-2 10100 
74 7.604422421744773e-2 10100 
75 7.579379691879937e-2 10100 
76 7.51720564668361e-2 10100 
77 9.123974238609216e-2 10100 
