0.9759453850195595
1.1000769969068263
1.1643955655248597
0.9766660810300284
1.01751356802466
0.9700523119691521
0.9455915029305482
0.9467104860611093
1.1743022056360473
1.0203774844740157
0.9199522599871299
0.9813750520951139
1.1182053048686669
1.0722075119845027
1.222038397476215
1.1757039166645311
0.9210033356644693
0.9601000971263964
0.9057615628264182
0.9141346360163071
0.9263904236459162
0.9396428450142231
0.9159742091983937
0.9747430525219514
0.9962308386760231
1.4760547151186443
0.923584099497897
0.9316840036061929
0.9606185089682698
1.2260791083662732
1.0058682775843049
1.0252790567571584
0.9548501948525326
0.5648568852397045
0.9894415613045224
1.1530291330814693
1.1660872042636081
0.5997317744949923
0.544609371142037
0.9063776811016108
0.9542675237891866
1.4175081075158782
0.5436394117369125
0.8971583239243204
0.9052676737982777
0.8995898206403612
0.5655880622092206
0.8970230866893947
0.5387574788958998
0.5707311062164847
0.5458089411992766
0.565770398815824
0.9152445222885646
0.5385242368599217
0.5387977756845432
0.5823456227751108
0.5820495410850899
1.5670441548821732
0.5390398131095712
0.5465996261348921
0.5650245451322904
0.5897423285481627
0.5383139167417716
0.5454276614214214
0.5379418122932718
0.5649013791115044
0.5894957145424015
0.5381454703661404
0.5440541436046947
0.5390620030757957
0.5388900716192052
0.5650508519388981
0.5392306068362591
1.56204661538008
0.539502182560433
0.5387479515568592
0.5471906199876433
