1.0246475011303613
0.9090272797374905
0.858814675706226
1.0238913989368432
0.9827878776509488
1.030872240250689
1.057539113772523
1.0562891345596133
0.8515695493038451
0.9800294647970208
1.0870129282730279
1.0189784199884888
0.8942901591022678
0.932655282510699
0.8183048929274445
0.8505542814189114
1.08577239764125
1.0415580656569299
1.104043316741673
1.093930763150912
1.0794584815162325
1.0642341452457538
1.0917337955128024
1.0259113900968069
1.0037834216505344
0.6774816609150025
1.082738432313469
1.073325286394724
1.0409959735983298
0.8156080575685534
0.9941659581924602
0.97534421815158
1.0472847001454928
1.7703599374125303
1.010671108945087
0.867280774881638
0.857568796178933
1.6674120707412177
1.836178466600779
1.1032928334958565
1.0479241670398882
0.7054633371744568
1.8394545693532929
1.1146304652514765
1.104645652267963
1.1116177362791446
1.7680712639052891
1.1147985094683102
1.8561227252925483
1.7521385975074026
1.8321429432847947
1.7675014495156212
1.092604190079723
1.8569266368230612
1.8559839055190954
1.717193297057164
1.7180668128966188
0.6381441115647379
1.8551505393104033
1.8294926527322868
1.7698346180091484
1.6956558001556652
1.857652141064186
1.8334236980096175
1.8589371139174924
1.7702204968464286
1.6963651733689942
1.858233609807448
1.8380523551835897
1.8550741738318985
1.8556660303562393
1.7697522206517
1.8544941390978136
0.6401857602416546
1.8535606200035784
1.8561555493811666
1.8275167071076293
