0.9896248085610014
1.0105426245417117
0.8977557091403657
1.0140297150527329
1.0104406305134706
1.009716601052761
0.995253427689068
1.0130781025297515
1.0146200737629743
1.011568431256473
1.0107917393613444
1.012149683752357
1.0049642411281596
1.0128375483233645
1.0033507614287653
1.014370045449251
1.0137300510405274
1.0148274301640468
1.0136754502752978
1.0134536197076451
1.0108021183871243
1.0023451239801677
1.0019282511453798
1.0111140199491244
1.0098044933386665
0.8957968292242438
0.8974943102264119
1.014151721248914
1.0142045201782772
0.8987694928949
0.8931386769874091
0.9997665189211385
1.0090234778327996
6.686735973475436
1.0122624447393893
1.0082665794389036
1.0123057838845904
6.782479337406468
6.847608063512145
0.8971023196162172
1.0126382461534873
1.010001236771837
6.755194703821967
1.0093914641920936
1.0127780302369007
1.0129694552872386
6.783682741142167
0.8987385678330858
6.799149276096544
6.330371362158327
6.84147664589816
6.984898878189591
1.002581921827605
6.986097945409652
7.009554579392994
6.730546542993507
6.643730665362066
1.0123489195533577
6.961241492623988
6.664364436095162
6.359088710683394
6.645311808378909
6.53402454529646
6.65126905065158
6.70899205486886
6.665806081237411
6.697180775149107
6.657977006821706
6.752764584974995
6.649993321500646
6.987023416220028
6.850363707157333
6.987696124273092
1.0144440334134142
7.005733895294537
7.01133530938303
6.840882130544056
