1.0104839645785406
0.9895673628348998
1.1138887670873594
0.9861643945493223
0.9896672499123823
0.9903769027441659
1.004769209709685
0.9870907262756009
0.9855905928326926
0.9885638668635559
0.9893234788719554
0.9879961591181708
0.9950602808289111
0.9873251654773111
0.996660428678009
0.9858335274057833
0.9864559100063826
0.9853892102998735
0.9865090446142464
0.9867249773980518
0.9893133203911755
0.9976603627592304
0.9980754598513661
0.9890081437604004
0.9902907014146367
1.1163245586234054
1.1142131917780391
0.9860457553318686
0.9859944223323119
1.1126323355491747
1.119646954908546
1.0002335356050065
0.991057217169832
0.14954979588946582
0.987886101274313
0.9918011966205366
0.9878438075920415
0.14743870939419434
0.146036395588783
1.114700049407745
0.9875194856588779
0.9900977974999289
0.14803422311931558
0.990695914790987
0.9873831877712514
0.987196597864285
0.14741255423623043
1.112670620568851
0.14707722383970212
0.157968615550392
0.14616727524745038
0.1431659953048868
0.9974247273251262
0.14314142283920725
0.1426624172297403
0.14857634422586366
0.15051784161173587
0.9878017160735392
0.14365253684412224
0.1500518180824349
0.1572552366379133
0.15048202835856772
0.1530450326697737
0.15034724837992183
0.14905368672694708
0.15001936567203053
0.14931656074010274
0.15019577252601032
0.1480874962271031
0.1503760908701693
0.14312246294731884
0.14597765063994914
0.14310868449563938
0.9857616261344525
0.14274022036030498
0.14262618401115892
0.14617997809596375
