0.20952486400058395
0.2198546649857745
0.23672050573937536
0.23897367682504775
0.24678679898253827
0.24765674506076502
0.24816177336648595
0.24827805242238427
0.253205160621097
0.25333710146257155
0.25741424430299203
0.25768250357963873
0.25823731481186507
0.2594996175218208
0.2598123659722144
0.2601067713274548
0.26024456950818037
0.26060461851809585
0.2610032934548421
0.2611823746262964
0.2629341514049879
0.2632335854761603
0.26351488361996417
0.26412777924040104
0.2643587637611395
0.2645270897378166
0.26478611290331383
0.26509074207462746
0.26564571954006005
0.2659603157139256
0.2661932676367813
0.26629767041201746
0.26650960218193737
0.26671376120463636
0.26674250533087496
0.26683975472848154
0.2668805587665121
0.26697805769900596
0.2699729596298508
0.2712736217301666
0.27168380461185554
0.272401653003355
0.273930274583436
0.2744510421129171
0.27498942019458245
0.2753319432469065
0.27774201926430014
0.27777264176174327
0.2784401106166005
0.27848979627583315
0.2790183006604679
0.27922071714853786
0.281872379913988
0.2822399368480622
0.28351629220408564
0.2857983153184128
0.285856559627639
0.2874381672140505
0.2880280247948803
0.2887962805920327
0.2899550244992271
0.2902093027800583
0.2904100851945856
0.2918804465337354
0.29218686892433554
0.29226840562909917
0.29238454771371275
0.2928114697791159
0.293606958858786
0.2939464319077243
0.2943546592661757
0.29451711465437896
0.29486414029325864
0.2949848441979548
0.29531045052573834
0.2956646385377577
0.2958951681814087
0.2967109932070209
0.2974333862471121
0.29775587752200067
0.297783573663958
0.30030904984504597
0.30071119867434026
0.3008507465835553
0.30108786351038397
0.30177324080792495
0.30290169234861886
0.3031416823367476
0.30389192504272106
0.3041095094401518
0.30593851318861864
0.30712258188407043
0.3074065538156858
0.3081986665321163
0.30879002659302157
0.3103715452679123
0.39101404232333586
0.42999559727059655
0.44352753386288174
0.4500007154787552
0.4531753899880471
0.45387207734678164
0.45643397605521
0.4566175578334326
0.4567760091064156
0.45921233115385873
0.4608135111408211
0.46412931671280766
0.4657217945176284
0.4664942460080566
0.46791405253592094
0.4682579091532325
0.46900297346200276
0.47096621305145336
0.471573942004961
0.4740703282583554
0.47642984134859717
0.47725654322141436
0.47736197430336424
0.47969091810296227
0.4801076364447341
0.4809454665297491
0.48138435017188014
0.4824974249678793
0.48409268273749695
0.4846785310586709
0.4855383695446047
0.49129237376223656
0.5607286625011524
0.5896972729844362
0.5908256503218343
0.6340434380377556
0.6358591614280795
0.6468884470014471
0.6771785100324691
0.6908848263815972
0.6918103132606478
0.692355459934534
0.6932939486537171
0.6988440990013649
0.7003918677089841
0.7012660031592386
0.7021076091589673
0.7032437634769568
0.7083948645112185
0.7097171972640859
0.7143840242435266
0.7169490951642297
0.7205601004737568
0.7210540519263683
0.7217189753596541
0.7256419075123165
0.7258572317660891
0.7265670657870134
0.7268128318275573
0.7273889291086196
0.7284645806231806
0.7295775705306673
0.7296835795312241
0.7299360537107442
0.7316513616260512
0.7371097740301997
0.7421088800278541
0.7428255770156093
0.7440207806016748
0.7463185737330649
0.7477074819418007
0.7501749301029863
0.7507228793187799
0.7519299717023116
0.7519663133287593
0.752527771072932
0.7540616958275396
0.7554901862801259
0.7564500847782697
0.7578844094461761
0.7597478813733437
0.7607013642240875
0.7617405022136129
0.7639638117220892
0.7644257828064976
0.7645319254352374
0.7719076183772674
0.7745308684723331
0.7758542308310995
0.7770577394984128
0.7797114751441251
0.791323474258695
0.7913246208195672
0.7930396162712883
0.8018448024124856
0.8087641808088041
1.0000388665092612
1.0253472252772406
1.062247573993595
1.0729210743821478
1.1022326260827258
1.1116933296128533
1.1143270503124463
1.1346019669664873
1.1410741903098853
1.1410783412601002
1.1438357158829704
1.1487694416778875
1.1520120085004628
1.1606702785880305
1.1637394376028054
1.1676564101882472
1.172597934568692
1.1727476772792147
1.1788240647161008
1.181260258102153
1.1885650387380233
1.1911144761104688
1.1983616052856567
1.202472527377207
1.2047562509389669
1.2074371638099175
1.2079049357555625
1.2115934596316835
1.2159539594283517
1.220320669471636
1.2239856447234634
1.2240155633287886
1.2291872433375324
1.2293603550557781
1.2350019098765135
1.2480848231994197
1.2537756073235515
1.2541120138243633
1.2570838529317299
1.25749593167653
1.2577653172921712
1.2592349410087116
1.2618174153593973
1.262825116127769
1.2640000774973692
1.264636646880257
1.2727516868807498
1.2760479573861376
1.2786085073417
1.2804300212590052
1.2909172570868042
1.2962344752718882
1.3206965721926265
1.325468828398128
1.3348486089791345
1.336801511567389
1.3479398303962238
1.3489722983368113
1.3553924080265183
1.355496402566714
1.3591885039001306
1.3720666655354166
1.4084434378475414
1.408995572734776
