0.1528179679906973
0.16600312001899623
0.17157508353960133
0.17212869326234434
0.17226055804093532
0.17306492775372706
0.17308378252037324
0.17427380146142887
1.6553050528168054
2.1071771934433245
2.1360373036541325
2.2422120911070627
2.256412950679587
2.285293734211531
2.296956805110698
2.3028511459565664
2.3076815414700604
2.3148215663756746
2.3164052200340244
2.317262294380152
2.3185275233873286
2.3196490493500006
2.3205099047628246
2.3236039543451517
2.325869516495894
2.326146313507219
2.3269526523085884
2.327402826214243
2.328198290225787
2.3285241896311204
2.329856899491847
2.333234676390218
