5.828352109000662
5.809606644000269
0.4745685380003124
0.46815661799973896
0.44598814000073617
0.4375805109993962
0.6041182549997757
0.44318128900067677
6.023983163000594
6.543733129999964
0.4297466040006839
0.43424430699997174
0.4319987400003811
0.43130822900002386
0.4353586440001891
0.4303659400002289
5.778178242000649
5.805159413000183
0.4298955719996229
0.42951668000023346
0.4333353550000538
0.4309397679999165
0.4296634809998068
0.42921090999971057
5.738097129999915
5.7775487999997495
0.4310996959993645
0.4285895500006518
0.4315437239993116
0.4317033959996479
0.4294565650006916
0.42994673299926944
