14.770140650998655
14.696158504000778
14.677849043000606
14.656838635000895
14.597334655998566
14.550089402000594
14.546555606000766
14.53541176699946
14.530049083001359
14.52048522500263
14.517625569998927
14.514780155001063
14.16114665400164
14.143939314999443
14.137995018001675
14.137952052999026
14.133166838997568
14.1223943469995
14.119726318000176
14.117490628999803
14.087885007000295
14.078309762000572
14.06567357899985
14.05421252800079
14.040522349001549
14.03817957299907
14.037834857001144
14.023107985001843
14.016097832001833
14.000480446997244
13.998422162996576
13.994541181000386
13.505511241000931
13.433142147998296
13.419207166996785
13.40683028499916
13.392277752001974
13.378815575997578
13.365686458997516
13.363466761999007
13.330443506001757
13.244175784999243
13.21557842599941
13.211007033998612
13.210821251999732
13.20937572999901
13.206639100000757
13.172057363997737
13.15296401500018
13.152071743003034
13.14936454400231
13.145380606001709
13.140996191999875
13.101218125000742
13.100461040998198
13.096258891000616
13.09275125899876
13.08076252900355
13.06402504700236
13.042250325001078
13.041556774001947
13.022435732000304
13.020184506000078
13.013596384997072
13.013122955999279
13.001787380999303
12.999425010999403
12.998950535002223
12.985066477998771
12.960117317001277
12.941244679997908
12.93812439300018
12.933650557002693
12.931033321998257
12.92315807200066
12.918389761998696
12.883378177997656
12.804015460998926
12.794961273000808
12.72735415599891
12.726177353997628
12.716023394998047
12.70907218100183
12.68574211500163
12.681606643000123
12.659237159998156
12.649710421999771
12.644350447000761
12.6432422580001
12.631819857000664
12.619480421002663
12.619406079997134
12.588060678997863
12.583795532002114
12.556203636002465
12.548633703001542
8.347487899001862
8.345256112002971
8.285701406999578
8.268700406999415
8.228694665001967
8.224996739001654
8.223375858000509
8.218757986000128
8.215390561999811
8.184227386998828
8.159287667000171
8.139568566002708
8.130224784003076
8.12587294900004
8.11203420899983
8.109730958
8.108994672002154
8.10104876299738
8.09917135899741
8.092738559000281
8.090850280001177
8.071319855000183
8.071197344997927
8.067011664003076
8.061963328000274
8.056568459000118
8.049367804000212
8.04611002999809
8.04305701499834
8.041498357000819
8.036216563999915
8.014683711000544
5.453704103001655
5.3377273849982885
5.335326668999187
5.33377111700247
5.327766579001036
5.321936631997232
5.317313340998226
5.311832243001845
5.311695925000095
5.305345263997879
5.303547969000647
5.293405451997387
5.258496703998389
5.249605312001222
5.248322767998616
5.243275258999347
5.23562424100237
5.230299371000001
5.227048242002638
5.213344355001027
5.209497165000357
5.187754506001511
5.176606319997518
5.169305830000667
5.157212786998571
5.15112409500216
5.137072096000338
5.128352607000124
5.118849474998569
5.115463582002121
5.1140544840018265
5.1131362470005115
5.11015658299948
5.088771386999724
5.085112192999077
5.084387271999731
5.0837207329968805
5.078843997001968
5.078389932001301
5.077276928001083
5.072368852001091
5.0689458010019735
5.065389310999308
5.062629709002067
5.0596536839984765
5.056354361000558
5.054234311002801
5.05150387699905
5.041827673998341
5.0240286590014875
5.012980961997528
5.007994766001502
4.999485256001208
4.9646817650027515
4.964611585000966
4.96392631100025
4.958488693999243
4.934501617997739
4.86611607499799
4.861682630998985
4.85524474200065
4.834520997999789
4.826286274997983
4.823704952999833
3.4249089259974426
3.369085231999634
3.358990675998939
3.2899429480021354
3.2858501959999558
3.2850391450010648
3.2805176440015202
3.2665471020009136
3.263542120999773
3.2533003139978973
3.239547285000299
3.2394794909996563
3.2260739140001533
3.21251452299839
3.2114704730011
3.2101771500019822
3.1905601489997935
3.1861448579984426
3.169911637000041
3.1690911420009797
3.168091715997434
3.1442305279997527
3.143730599000264
3.1432430799977737
3.1413393969996832
3.133813131000352
3.1148933229997056
3.112211545001628
3.108407272000477
3.104561519001436
3.1045244739980262
3.097148880999157
3.0957324800001516
3.0895156300030067
3.077655015000346
3.0757266859982337
3.0716751470026793
3.0661065310014237
3.059098357996845
3.052000470001076
3.0459958060018835
3.0405116839974653
2.9975273339987325
2.976608799999667
2.9717066539997177
2.9709482510006637
2.96924936600044
2.964795548999973
2.961425245997816
2.9570739650007454
2.948169768002117
2.946218425000552
2.9448312140011694
2.943548589999409
2.9405358569965756
2.939016205000371
2.938560481001332
2.9126218679994054
2.8902187919993594
2.887010274000204
2.8824219560010533
2.857156613998086
2.8006058179998945
2.7966108940017875
